   1.2576511085259201        7.0509986894233050        1.3534709851450843     
  0.17480183245091602        7.7345464934378905        5.8568021757180100     
   7.0795452657176039        1.3502442283231735        2.0592494361312205E-002
   5.1911893070260984        6.4021856808096373       -2.2591533176941421     
  0.24220812861475421        12.334713637962061       0.25996805414658553     
   1.8703635271700616        13.356507375659707        4.5489224449641128     
   11.837691791922515        4.3061301692678216      -0.16520978600321726     
   6.1841359739258195        10.781531058358244        1.2004415533976984     
   4.2415279163006057        3.1707543804211422        2.3069739205919695     
   1.0572034871928000        1.1463324186993000       0.10626118832910000     
