 #step, Pot, Kin, Tot, temp
        2000  -1.3319304402638803E-002   4.7502968985833147E-003  -8.5690075040554883E-003   100.00167866629035     
        4000  -1.3501974366365195E-002   4.7502873549529279E-003  -8.7516870114122680E-003   100.00147775694096     
        6000  -1.3667373885771340E-002   4.7502794972725500E-003  -8.9170943884987891E-003   100.00131233965337     
        8000  -1.3818588818094644E-002   4.7502730436300520E-003  -9.0683157744645918E-003   100.00117647970670     
       10000  -1.3958131967533991E-002   4.7502677102354545E-003  -9.2078642572985363E-003   100.00106420284820     
       12000  -1.4087953665223311E-002   4.7502632264531386E-003  -9.3376904387701722E-003   100.00096981174634     
       14000  -1.4209474186247089E-002   4.7502593418507480E-003  -9.4592148443963416E-003   100.00088803438204     
       16000  -1.4323625246480216E-002   4.7502558285243100E-003  -9.5733694179559060E-003   100.00081407299626     
       18000  -1.4430893296272654E-002   4.7502524809235093E-003  -9.6806408153491449E-003   100.00074360041177     
       20000  -1.4531361085520243E-002   4.7502491147245187E-003  -9.7811119707957236E-003   100.00067273630432     
       22000  -1.4624746661454366E-002   4.7502455659015150E-003  -9.8745010955528512E-003   100.00059802765658     
       24000  -1.4710441074396240E-002   4.7502416909640339E-003  -9.9601993834322056E-003   100.00051645375476     
       26000  -1.4787547985732126E-002   4.7502373693019458E-003  -1.0037310616430180E-002   100.00042547555431     
       28000  -1.4854930375831759E-002   4.7502325086639938E-003  -1.0104697867167764E-002   100.00032315101230     
       30000  -1.4911271814848338E-002   4.7502270549287934E-003  -1.0161044759919545E-002   100.00020834078323     
       32000  -1.4955162316771988E-002   4.7502210074116041E-003  -1.0204941309360383E-002   100.00008103045219     
       34000  -1.4985221422721162E-002   4.7502144408141768E-003  -1.0235006981906984E-002   99.999942792615727     
       36000  -1.5000273178225935E-002   4.7502075342737010E-003  -1.0250065643952234E-002   99.999797398410664     
       38000  -1.4999587653519277E-002   4.7502006063377096E-003  -1.0249387047181566E-002   99.999651553794294     
       40000  -1.4983199056342149E-002   4.7501941514591205E-003  -1.0233004904883028E-002   99.999515667825847     
       42000  -1.4952297391397910E-002   4.7501888681596768E-003  -1.0202108523238234E-002   99.999404445553935     
       44000  -1.4909664173965784E-002   4.7501856613246674E-003  -1.0159478512641117E-002   99.999336936324312     
       46000  -1.4860079244448229E-002   4.7501855929380924E-003  -1.0109893651510136E-002   99.999335496672757     
       48000  -1.4810568027899386E-002   4.7501897522775460E-003  -1.0060378275621840E-002   99.999423057710814     
       50000  -1.4770304454139111E-002   4.7501990279990450E-003  -1.0020105426140066E-002   99.999618327130918     
       52000  -1.4749974481264834E-002   4.7502138014858756E-003  -9.9997606797789587E-003   99.999929333687845     
       54000  -1.4760494351279723E-002   4.7502336429622134E-003  -1.0010260708317509E-002   100.00034702988313     
       56000  -1.4811198582401305E-002   4.7502571504501956E-003  -1.0060941431951111E-002   100.00084190174265     
       58000  -1.4907910312765867E-002   4.7502820693773049E-003  -1.0157628243388561E-002   100.00136648675169     
       60000  -1.5051511971282024E-002   4.7503057254482395E-003  -1.0301206245833784E-002   100.00186448653035     
       62000  -1.5237557434474082E-002   4.7503256349246811E-003  -1.0487231799549402E-002   100.00228361424132     
       64000  -1.5457080782597400E-002   4.7503400462368022E-003  -1.0706740736360597E-002   100.00258699641610     
       66000  -1.5698276871977640E-002   4.7503482090076685E-003  -1.0947928662969971E-002   100.00275883636770     
       68000  -1.5948449868482973E-002   4.7503503248350750E-003  -1.1198099543647897E-002   100.00280337806625     
       70000  -1.6195672104552118E-002   4.7503472823823148E-003  -1.1445324822169804E-002   100.00273932935734     
       72000  -1.6429856921112325E-002   4.7503403300676542E-003  -1.1679516591044671E-002   100.00259297152928     
       74000  -1.6643227913178633E-002   4.7503308018600251E-003  -1.1892897111318608E-002   100.00239238685469     
       76000  -1.6830337900906090E-002   4.7503199440439951E-003  -1.2080017956862095E-002   100.00216381170397     
       78000  -1.6987839007866427E-002   4.7503088386422971E-003  -1.2237530169224131E-002   100.00193002446164     
       80000  -1.7114175311473415E-002   4.7502983948572580E-003  -1.2363876916616157E-002   100.00171016535435     
       82000  -1.7209310595914254E-002   4.7502893757223165E-003  -1.2459021220191938E-002   100.00152029750956     
       84000  -1.7274544573088111E-002   4.7502824317407991E-003  -1.2524262141347312E-002   100.00137411510808     
       86000  -1.7312420708667651E-002   4.7502781193100984E-003  -1.2562142589357552E-002   100.00128333124374     
       88000  -1.7326686378921388E-002   4.7502768870079492E-003  -1.2576409491913439E-002   100.00125738922661     
       90000  -1.7322229301520473E-002   4.7502790189582946E-003  -1.2571950282562179E-002   100.00130227033992     
       92000  -1.7304886511034248E-002   4.7502845349642973E-003  -1.2554601976069951E-002   100.00141839147331     
       94000  -1.7281016018225452E-002   4.7502930644842773E-003  -1.2530722953741174E-002   100.00159795210593     
       96000  -1.7256755146946495E-002   4.7503037335729446E-003  -1.2506451413373551E-002   100.00182255423066     
       98000  -1.7236975404857850E-002   4.7503151202268109E-003  -1.2486660284631039E-002   100.00206226230057     
      100000  -1.7224067996176942E-002   4.7503253282088070E-003  -1.2473742667968135E-002   100.00227715736023     
      102000  -1.7216806881326239E-002   4.7503321931040782E-003  -1.2466474688222162E-002   100.00242167486421     
      104000  -1.7209570741854568E-002   4.7503335795436160E-003  -1.2459237162310951E-002   100.00245086173065     
      106000  -1.7192126655381553E-002   4.7503276893253775E-003  -1.2441798966056176E-002   100.00232686280508     
      108000  -1.7150025072187627E-002   4.7503133081493489E-003  -1.2399711764038278E-002   100.00202411504536     
      110000  -1.7065525296886850E-002   4.7502899749377481E-003  -1.2315235321949102E-002   100.00153291199457     
      112000  -1.6918955532880482E-002   4.7502581312879929E-003  -1.2168697401592489E-002   100.00086255001544     
      114000  -1.6690541084212536E-002   4.7502193607776274E-003  -1.1940321723434909E-002   100.00004636605851     
      116000  -1.6362961564927416E-002   4.7501768279249700E-003  -1.1612784737002446E-002   99.999150978516425     
      118000  -1.5925098028699951E-002   4.7501359320821163E-003  -1.1174962096617835E-002   99.998290052763110     
      120000  -1.5377336654572365E-002   4.7501049036311671E-003  -1.0627231750941199E-002   99.997636852079538     
      122000  -1.4737855065953615E-002   4.7500944489456565E-003  -9.9877606170079587E-003   99.997416763499118     
      124000  -1.4046765157956210E-002   4.7501147470880977E-003  -9.2966504108681122E-003   99.997844073278117     
      126000  -1.3361130981500201E-002   4.7501684665120667E-003  -8.6109625149881353E-003   99.998974956818373     
      128000  -1.2733268985056048E-002   4.7502425903113979E-003  -7.9830263947446509E-003   100.00053538651792     
      130000  -1.2175601400953012E-002   4.7503081233803467E-003  -7.4252932775726649E-003   100.00191496700371     
      132000  -1.1634250395396764E-002   4.7503338078818628E-003  -6.8839165875149017E-003   100.00245566863188     
      134000  -1.0995241181370210E-002   4.7503048170423924E-003  -6.2449363643278175E-003   100.00184536307101     
      136000  -1.0123107847253182E-002   4.7502329476440579E-003  -5.3728748996091239E-003   100.00033239227537     
      138000  -8.9166912915198959E-003   4.7501587250158720E-003  -4.1665325665040239E-003   99.998769882063456     
      140000  -7.3783234704511242E-003   4.7501494735604647E-003  -2.6281739968906596E-003   99.998575123485082     
      142000  -5.6874729132717801E-003   4.7502731584884031E-003  -9.3719975478337696E-004   100.00117889766670     
      144000  -4.1905057320324639E-003   4.7505157615322542E-003   5.6001002949979031E-004   100.00628609668028     
      146000  -3.1726158708001578E-003   4.7507283048588821E-003   1.5781124340587243E-003   100.01076048847219     
      148000  -2.5836280591694299E-003   4.7507645420206577E-003   2.1671364828512278E-003   100.01152334121277     
      150000  -2.1094274409479510E-003   4.7506306422077050E-003   2.6412032012597540E-003   100.00870452665144     
      152000  -1.4812445234393303E-003   4.7504481441784426E-003   3.2692036207391121E-003   100.00486263851914     
      154000  -6.9337761683118228E-004   4.7503711206268234E-003   4.0569935037956407E-003   100.00324116419381     
      156000  -4.8000083330363742E-005   4.7505049367119580E-003   4.7025048533815943E-003   100.00605821614482     
      158000   5.0148842063324961E-005   4.7507799871950827E-003   4.8009288292584079E-003   100.01184848791470     
      160000  -5.0635771721747240E-004   4.7509833733477705E-003   4.2446256561302978E-003   100.01613010591048     
      162000  -1.4464560478966112E-003   4.7510143324522571E-003   3.3045582845556459E-003   100.01678184673527     
      164000  -2.4528703661785486E-003   4.7509384078637876E-003   2.2980680416852389E-003   100.01518350741857     
      166000  -3.3844071799333563E-003   4.7508483571965486E-003   1.3664411772631923E-003   100.01328779056524     
      168000  -4.2491047736223459E-003   4.7507875680967513E-003   5.0168279447440536E-004   100.01200807854848     
      170000  -5.0963686533951977E-003   4.7507506895386143E-003  -3.4561796385658341E-004   100.01123172334391     
      172000  -5.9415115683756235E-003   4.7507133051794322E-003  -1.1907982631961913E-003   100.01044472018307     
      174000  -6.7546448366375220E-003   4.7506598043232555E-003  -2.0039850323142665E-003   100.00931843785968     
      176000  -7.4905228614364364E-003   4.7505915764217968E-003  -2.7399312850146396E-003   100.00788212665147     
      178000  -8.1185259702857594E-003   4.7505196516545471E-003  -3.3680063186312123E-003   100.00636799024774     
      180000  -8.6333667298696057E-003   4.7504552677246443E-003  -3.8829114621449614E-003   100.00501260105695     
      182000  -9.0500407045125738E-003   4.7504049285654881E-003  -4.2996357759470857E-003   100.00395287773317     
      184000  -9.3929344554844613E-003   4.7503698279371910E-003  -4.6425646275472703E-003   100.00321395091936     
      186000  -9.6865116537654811E-003   4.7503478438834902E-003  -4.9361638098819908E-003   100.00275114989431     
      188000  -9.9511407539149693E-003   4.7503363192857237E-003  -5.2008044346292456E-003   100.00250853787506     
      190000  -1.0203968654594458E-002   4.7503339701013428E-003  -5.4536346844931147E-003   100.00245908362270     
      192000  -1.0461911713015326E-002   4.7503409527235810E-003  -5.7115707602917454E-003   100.00260607947585     
      194000  -1.0743113234339048E-002   4.7503573886598137E-003  -5.9927558456792348E-003   100.00295208336756     
      196000  -1.1064970811059364E-002   4.7503816754810050E-003  -6.3145891355783591E-003   100.00346336149195     
      198000  -1.1439777148874298E-002   4.7504099897887177E-003  -6.6893671590855805E-003   100.00405942493009     
      200000  -1.1871022574503813E-002   4.7504374213964565E-003  -7.1205851531073562E-003   100.00463690606043     
      202000  -1.2352956345849009E-002   4.7504598700085230E-003  -7.6024964758404862E-003   100.00510948681449     
      204000  -1.2873561941041644E-002   4.7504753344754930E-003  -8.1230866065661513E-003   100.00543503965670     
      206000  -1.3418895819593523E-002   4.7504839251540400E-003  -8.6684118944394834E-003   100.00561588777923     
      208000  -1.3976466918418130E-002   4.7504869673947233E-003  -9.2259799510234063E-003   100.00567993202357     
      210000  -1.4536612935713759E-002   4.7504859794482886E-003  -9.7861269562654705E-003   100.00565913410209     
      212000  -1.5092211139682475E-002   4.7504820509033608E-003  -1.0341729088779113E-002   100.00557643167403     
      214000  -1.5637667826517751E-002   4.7504757112228103E-003  -1.0887192115294941E-002   100.00544297081657     
      216000  -1.6168001900117482E-002   4.7504671099488742E-003  -1.1417534790168608E-002   100.00526189964341     
      218000  -1.6678400762784321E-002   4.7504562799291069E-003  -1.1927944482855213E-002   100.00503390965041     
      220000  -1.7164236548000113E-002   4.7504433315430613E-003  -1.2413793216457053E-002   100.00476132451136     
      222000  -1.7621337028451679E-002   4.7504285297902396E-003  -1.2870908498661439E-002   100.00444972290815     
      224000  -1.8046293426335937E-002   4.7504122777164790E-003  -1.3295881148619458E-002   100.00410758962836     
      226000  -1.8436669462029490E-002   4.7503950545042008E-003  -1.3686274407525290E-002   100.00374501226180     
      228000  -1.8791069549973446E-002   4.7503773488640419E-003  -1.4040692201109404E-002   100.00337227898312     
      230000  -1.9109086025780358E-002   4.7503596092538696E-003  -1.4358726416526489E-002   100.00299883057895     
      232000  -1.9391169517237024E-002   4.7503422160664575E-003  -1.4640827301170566E-002   100.00263267495211     
      234000  -1.9638465248707326E-002   4.7503254719540111E-003  -1.4888139776753316E-002   100.00228018343670     
      236000  -1.9852645821384119E-002   4.7503096037702069E-003  -1.5102336217613912E-002   100.00194613168127     
      238000  -2.0035757688240757E-002   4.7502947703738580E-003  -1.5285462917866900E-002   100.00163386392897     
      240000  -2.0190088497159021E-002   4.7502810724354303E-003  -1.5439807424723589E-002   100.00134549946118     
      242000  -2.0318056455077425E-002   4.7502685621643283E-003  -1.5567787892913097E-002   100.00108213737299     
      244000  -2.0422120009969295E-002   4.7502572521027318E-003  -1.5671862757866563E-002   100.00084404169820     
      246000  -2.0504705258356858E-002   4.7502471228180135E-003  -1.5754458135538843E-002   100.00063080334760     
      248000  -2.0568148590685943E-002   4.7502381296296754E-003  -1.5817910461056267E-002   100.00044148172212     
      250000  -2.0614652567377861E-002   4.7502302085931135E-003  -1.5864422358784748E-002   100.00027473068110     
      252000  -2.0646253553940602E-002   4.7502232819491771E-003  -1.5896030271991424E-002   100.00012891326465     
      254000  -2.0664800104843020E-002   4.7502172632036994E-003  -1.5914582841639321E-002   100.00000220862616     
      256000  -2.0671941443478312E-002   4.7502120619555971E-003  -1.5921729381522715E-002   99.999892713671954     
      258000  -2.0669125648088673E-002   4.7502075885532073E-003  -1.5918918059535464E-002   99.999798541084871     
      260000  -2.0657607332371184E-002   4.7502037586223704E-003  -1.5907403573748813E-002   99.999717914648031     
      262000  -2.0638464701265697E-002   4.7502004974666941E-003  -1.5888264203799005E-002   99.999649261877693     
      264000  -2.0612625842154054E-002   4.7501977442800424E-003  -1.5862428097874012E-002   99.999591302703195     
      266000  -2.0580903932117024E-002   4.7501954560237479E-003  -1.5830708476093275E-002   99.999543131088757     
      268000  -2.0544040637900256E-002   4.7501936107011570E-003  -1.5793847027199100E-002   99.999504283968108     
      270000  -2.0502756284745190E-002   4.7501922096120077E-003  -1.5752564075133181E-002   99.999474788702884     
      272000  -2.0457804314714768E-002   4.7501912780035117E-003  -1.5707613036711254E-002   99.999455176789056     
      274000  -2.0410026133356313E-002   4.7501908633899772E-003  -1.5659835269966338E-002   99.999446448482104     
      276000  -2.0360400739809426E-002   4.7501910307471071E-003  -1.5610209709062319E-002   99.999449971629019     
      278000  -2.0310081786610125E-002   4.7501918538874954E-003  -1.5559889932722629E-002   99.999467300108137     
      280000  -2.0260413357831700E-002   4.7501934026853623E-003  -1.5510219955146337E-002   99.999499904888410     
      282000  -2.0212915424452093E-002   4.7501957265145981E-003  -1.5462719697937496E-002   99.999548825372642     
      284000  -2.0169231375510022E-002   4.7501988352841047E-003  -1.5419032540225917E-002   99.999614270159753     
      286000  -2.0131033845970064E-002   4.7502026806398963E-003  -1.5380831165330167E-002   99.999695221317637     
      288000  -2.0099891391899400E-002   4.7502071409106072E-003  -1.5349684250988793E-002   99.999789117460963     
      290000  -2.0077106662845196E-002   4.7502120137265435E-003  -1.5326894649118652E-002   99.999891698369865     
      292000  -2.0063544831357482E-002   4.7502170195117968E-003  -1.5313327811845686E-002   99.999997078504848     
      294000  -2.0059476690289183E-002   4.7502218171170648E-003  -1.5309254873172119E-002   100.00009807610365     
      296000  -2.0064461699634259E-002   4.7502260301356784E-003  -1.5314235669498581E-002   100.00018676717762     
      298000  -2.0077291320513058E-002   4.7502292798311755E-003  -1.5327062040681882E-002   100.00025517869207     
      300000  -2.0096003260291238E-002   4.7502312191481212E-003  -1.5345772041143117E-002   100.00029600455079     
      302000  -2.0117965763954273E-002   4.7502315626382239E-003  -1.5367734201316048E-002   100.00030323559078     
      304000  -2.0140021603820921E-002   4.7502301092064159E-003  -1.5389791494614505E-002   100.00027263842523     
      306000  -2.0158676889359482E-002   4.7502267575321947E-003  -1.5408450131827288E-002   100.00020208008843     
      308000  -2.0170321151967988E-002   4.7502215167042556E-003  -1.5420099635263734E-002   100.00009175191259     
      310000  -2.0171471011863278E-002   4.7502145160693652E-003  -1.5421256495793912E-002   99.999944376863056     
      312000  -2.0159037170682261E-002   4.7502060180630622E-003  -1.5408831152619200E-002   99.999765479645930     
      314000  -2.0130619937014788E-002   4.7501964358128900E-003  -1.5380423501201897E-002   99.999563757285614     
      316000  -2.0084838516076849E-002   4.7501863537374464E-003  -1.5334652162339403E-002   99.999351512769039     
      318000  -2.0021690813606247E-002   4.7501765444047210E-003  -1.5271514269201526E-002   99.999145009941941     
      320000  -1.9942921138519459E-002   4.7501679689561926E-003  -1.5192753169563266E-002   99.998964482436719     
      322000  -1.9852342262143222E-002   4.7501617426358141E-003  -1.5102180519507409E-002   99.998833408000095     
      324000  -1.9756019364636352E-002   4.7501590442912446E-003  -1.5005860320345107E-002   99.998776603342975     
      326000  -1.9662188336533052E-002   4.7501609543666489E-003  -1.4912027382166404E-002   99.998816813618433     
      328000  -1.9580773181698329E-002   4.7501682261059481E-003  -1.4830604955592380E-002   99.998969895868299     
      330000  -1.9522418450428604E-002   4.7501810313552838E-003  -1.4772237419073320E-002   99.999239467740679     
      332000  -1.9497084214410910E-002   4.7501987643718295E-003  -1.4746885450039080E-002   99.999612777338001     
      334000  -1.9512442602546646E-002   4.7502200059477209E-003  -1.4762222596598925E-002   100.00005994796587     
      336000  -1.9572482312789748E-002   4.7502427140095095E-003  -1.4822239598780238E-002   100.00053799056964     
      338000  -1.9676752854403790E-002   4.7502646135817155E-003  -1.4926488240822074E-002   100.00099901311822     
      340000  -1.9820500801765506E-002   4.7502836580713892E-003  -1.5070217143694116E-002   100.00139993141393     
      342000  -1.9995635768117113E-002   4.7502983965993541E-003  -1.5245337371517759E-002   100.00171020202838     
      344000  -2.0192185407225591E-002   4.7503081365696288E-003  -1.5441877270655963E-002   100.00191524466013     
      346000  -2.0399799204712452E-002   4.7503128936853319E-003  -1.5649486311027118E-002   100.00201538988600     
      348000  -2.0608953163517737E-002   4.7503132028548691E-003  -1.5858639960662869E-002   100.00202189842081     
      350000  -2.0811695251284158E-002   4.7503098862774545E-003  -1.6061385365006703E-002   100.00195207893037     
      352000  -2.1001943465935823E-002   4.7503038510005339E-003  -1.6251639614935288E-002   100.00182502627742     
      354000  -2.1175447131276771E-002   4.7502959491314599E-003  -1.6425151182145312E-002   100.00165867874402     
      356000  -2.1329548080868607E-002   4.7502869029729172E-003  -1.6579261177895689E-002   100.00146824200732     
      358000  -2.1462859906687944E-002   4.7502772816346208E-003  -1.6712582625053325E-002   100.00126569677673     
      360000  -2.1574948877608170E-002   4.7502675119238938E-003  -1.6824681365684276E-002   100.00106002805883     
      362000  -2.1666066899338331E-002   4.7502579087275966E-003  -1.6915808990610733E-002   100.00085786474762     
      364000  -2.1736961695396038E-002   4.7502487142114880E-003  -1.6986712981184551E-002   100.00066430483652     
      366000  -2.1788772357350529E-002   4.7502401385950818E-003  -1.7038532218755446E-002   100.00048377379719     
      368000  -2.1823006757534728E-002   4.7502323971122182E-003  -1.7072774360422510E-002   100.00032080266122     
      370000  -2.1841587519579563E-002   4.7502257379446961E-003  -1.7091361781634867E-002   100.00018061606974     
      372000  -2.1846942149820050E-002   4.7502204547804263E-003  -1.7096721695039625E-002   100.00006939664348     
      374000  -2.1842098559081546E-002   4.7502168760178891E-003  -1.7091881683063657E-002   99.999994057718581     
      376000  -2.1830729814442684E-002   4.7502153220029169E-003  -1.7080514492439768E-002   99.999961343109533     
      378000  -2.1817075596173970E-002   4.7502160243017219E-003  -1.7066859571872248E-002   99.999976127671616     
      380000  -2.1805661581094350E-002   4.7502190093758325E-003  -1.7055442571718517E-002   100.00003896846418     
      382000  -2.1800755031698111E-002   4.7502239640723259E-003  -1.7050531067625784E-002   100.00014327309549     
      384000  -2.1805546794772916E-002   4.7502301186086449E-003  -1.7055316676164271E-002   100.00027283635784     
      386000  -2.1821135395343503E-002   4.7502361945576084E-003  -1.7070899200785895E-002   100.00040074522519     
      388000  -2.1845482988940616E-002   4.7502404581782152E-003  -1.7095242530762403E-002   100.00049050155557     
      390000  -2.1872569647289879E-002   4.7502408880032466E-003  -1.7122328759286633E-002   100.00049955008993     
      392000  -2.1891950370891859E-002   4.7502354222228446E-003  -1.7141714948669014E-002   100.00038448628926     
      394000  -2.1888818167770042E-002   4.7502222236873084E-003  -1.7138595944082735E-002   100.00010663508591     
      396000  -2.1844552983354384E-002   4.7501999122377446E-003  -1.7094353071116640E-002   99.999636941831469     
      398000  -2.1737676608002597E-002   4.7501677668931649E-003  -1.6987508841109430E-002   99.998960228672715     
      400000  -2.1545206765949242E-002   4.7501259742610017E-003  -1.6795080791688240E-002   99.998080424007568     
      402000  -2.1244636128344829E-002   4.7500760714345855E-003  -1.6494560056910242E-002   99.997029886216282     
      404000  -2.0817147683775985E-002   4.7500217819988295E-003  -1.6067125901777154E-002   99.995887002976488     
      406000  -2.0253164514138389E-002   4.7499704171557206E-003  -1.5503194096982668E-002   99.994805687293493     
      408000  -1.9561655729127499E-002   4.7499347033664293E-003  -1.4811721025761070E-002   99.994053852417281     
      410000  -1.8783791342443679E-002   4.7499337867280850E-003  -1.4033857555715594E-002   99.994034555650131     
      412000  -1.8007126783889979E-002   4.7499897700371265E-003  -1.3257137013852852E-002   99.995213097749911     
      414000  -1.7366245249821985E-002   4.7501146842626168E-003  -1.2616130565559368E-002   99.997842750696876     
      416000  -1.7007907182485335E-002   4.7502911238198045E-003  -1.2257616058665530E-002   100.00155709787951     
      418000  -1.7021038206860260E-002   4.7504693638731948E-003  -1.2270568842987065E-002   100.00530934851250     
      420000  -1.7384842229855590E-002   4.7505974586078085E-003  -1.2634244771247782E-002   100.00800595648526     
      422000  -1.7988511722859313E-002   4.7506541315427558E-003  -1.3237857591316557E-002   100.00919901636145     
      424000  -1.8697286671525357E-002   4.7506496513554514E-003  -1.3946637020169905E-002   100.00910470094058     
      426000  -1.9403339233510397E-002   4.7506067376375440E-003  -1.4652732495872853E-002   100.00820129554927     
      428000  -2.0040745208581887E-002   4.7505460211838373E-003  -1.5290199187398049E-002   100.00692311285397     
      430000  -2.0578954466417654E-002   4.7504814651004156E-003  -1.5828473001317241E-002   100.00556409954424     
      432000  -2.1010853934476627E-002   4.7504209848359454E-003  -1.6260432949640684E-002   100.00429088902661     
      434000  -2.1342596283575020E-002   4.7503683105424776E-003  -1.6592227973032541E-002   100.00318200722789     
      436000  -2.1586627566046637E-002   4.7503246011572544E-003  -1.6836302964889381E-002   100.00226185171148     
      438000  -2.1757378028561928E-002   4.7502895552184341E-003  -1.7007088473343493E-002   100.00152407620244     
      440000  -2.1868796694156346E-002   4.7502621211971737E-003  -1.7118534572959171E-002   100.00094654426344     
      442000  -2.1933087783682255E-002   4.7502409436642450E-003  -1.7182846840018008E-002   100.00050072184685     
      444000  -2.1960215437563151E-002   4.7502246406501622E-003  -1.7209990796912988E-002   100.00015751618825     
      446000  -2.1957888354829626E-002   4.7502119684558527E-003  -1.7207676386373771E-002   99.999890745346264     
      448000  -2.1931824811662174E-002   4.7502019069313225E-003  -1.7181622904730853E-002   99.999678933460729     
      450000  -2.1886154956932989E-002   4.7501936874584398E-003  -1.7135961269474548E-002   99.999505899837018     
      452000  -2.1823858609073331E-002   4.7501867814364659E-003  -1.7073671827636867E-002   99.999360516547299     
      454000  -2.1747170817903890E-002   4.7501808645022854E-003  -1.6996989953401605E-002   99.999235955206558     
      456000  -2.1657915856593952E-002   4.7501757689649548E-003  -1.6907740087628999E-002   99.999128685640542     
      458000  -2.1557752496573362E-002   4.7501714337222231E-003  -1.6807581062851139E-002   99.999037421544870     
      460000  -2.1448329084473961E-002   4.7501678577704324E-003  -1.6698161226703527E-002   99.998962141790884     
      462000  -2.1331356831007228E-002   4.7501650608580788E-003  -1.6581191770149148E-002   99.998903262117381     
      464000  -2.1208615327291680E-002   4.7501630530857562E-003  -1.6458452274205924E-002   99.998860995158722     
      466000  -2.1081907195926921E-002   4.7501618142043647E-003  -1.6331745381722558E-002   99.998834914637541     
      468000  -2.0952980083068215E-002   4.7501612827040938E-003  -1.6202818800364123E-002   99.998823725669695     
      470000  -2.0823434366055844E-002   4.7501613542045929E-003  -1.6073273011851252E-002   99.998825230874544     
      472000  -2.0694633906299872E-002   4.7501618879684480E-003  -1.5944472018331424E-002   99.998836467494627     
      474000  -2.0567634626846496E-002   4.7501627195794521E-003  -1.5817471907267046E-002   99.998853974294349     
      476000  -2.0443141531910635E-002   4.7501636771410966E-003  -1.5692977854769537E-002   99.998874132565277     
      478000  -2.0321499368627337E-002   4.7501645980127854E-003  -1.5571334770614551E-002   99.998893518451396     
      480000  -2.0202716307136586E-002   4.7501653432916536E-003  -1.5452550963844933E-002   99.998909207815544     
      482000  -2.0086514883900900E-002   4.7501658079705852E-003  -1.5336349075930315E-002   99.998918990082672     
      484000  -1.9972400984335465E-002   4.7501659257716293E-003  -1.5222235058563835E-002   99.998921469991288     
      486000  -1.9859740339873790E-002   4.7501656687736352E-003  -1.5109574671100155E-002   99.998916059754535     
      488000  -1.9747832794007127E-002   4.7501650428440666E-003  -1.4997667751163062E-002   99.998902882892352     
      490000  -1.9635976879834580E-002   4.7501640803817241E-003  -1.4885812799452856E-002   99.998882621453546     
      492000  -1.9523520250981544E-002   4.7501628319612643E-003  -1.4773357419020279E-002   99.998856340119076     
      494000  -1.9409894468281549E-002   4.7501613582382023E-003  -1.4659733110043347E-002   99.998825315788750     
      496000  -1.9294635044376025E-002   4.7501597230706375E-003  -1.4544475321305386E-002   99.998790892782182     
      498000  -1.9177389248585398E-002   4.7501579883794942E-003  -1.4427231260205904E-002   99.998754374638153     
      500000  -1.9057914975030808E-002   4.7501562108963179E-003  -1.4307758764134490E-002   99.998716955650409     
