          10

 Ar   6.4511177043443499        5.6671680711538563        7.9160751761181531     
 Ar   1.2751782311985140        8.6812491837736534        3.9756629550856193     
 Ar   7.0706367433048083        2.8393815727340219       -1.1772864163563357     
 Ar   3.8722223939844032        6.7092672803523472      -0.18670685828901379     
 Ar   2.2938628232114548        10.847733093490042       -1.4175026535904791     
 Ar   3.1998227426685890        12.401609674482549        3.5028808472236901     
 Ar   11.073002316130575        4.4623910960017215        4.6677648602811712E-002
 Ar   6.0118362766132005        10.177934369992551        1.2711431330818044     
 Ar   4.0933662808717735        3.0765611927218930        2.2045781990567637     
 Ar   1.0572034871928000        1.1463324186993000       0.10626118832910000     

