 Psi:
               (2.3539860824193748,0.0000000000000000)
               (2.3509854872076512,0.0000000000000000)
               (2.3420066309932781,0.0000000000000000)
               (2.3271180102565849,0.0000000000000000)
               (2.3064328183850096,0.0000000000000000)
               (2.2801075126128936,0.0000000000000000)
               (2.2483398434318826,0.0000000000000000)
               (2.2113663811887943,0.0000000000000000)
               (2.1694595831406080,0.0000000000000000)
               (2.1229244518167261,0.0000000000000000)
               (2.0720948419869067,0.0000000000000000)
               (2.0173294787201366,0.0000000000000000)
               (1.9590077528498706,0.0000000000000000)
               (1.8975253625752400,0.0000000000000000)
               (1.8332898709034728,0.0000000000000000)
               (1.7667162481900400,0.0000000000000000)
               (1.6982224672093866,0.0000000000000000)
               (1.6282252150729863,0.0000000000000000)
               (1.5571357820150173,0.0000000000000000)
               (1.4853561817270584,0.0000000000000000)
               (1.4132755517007052,0.0000000000000000)
               (1.3412668751055485,0.0000000000000000)
               (1.2696840582747857,0.0000000000000000)
               (1.1988593900818354,0.0000000000000000)
               (1.1291014015583929,0.0000000000000000)
               (1.0606931362113936,0.0000000000000000)
              (0.99389083381696908,0.0000000000000000)
              (0.92892302316288689,0.0000000000000000)
              (0.86599001241817997,0.0000000000000000)
              (0.80526375964994656,0.0000000000000000)
              (0.74688810057996513,0.0000000000000000)
              (0.69097930605105506,0.0000000000000000)
              (0.63762693790372382,0.0000000000000000)
              (0.58689496907205385,0.0000000000000000)
              (0.53882313169525009,0.0000000000000000)
              (0.49342845588745310,0.0000000000000000)
              (0.45070696147353123,0.0000000000000000)
              (0.41063546542585344,0.0000000000000000)
              (0.37317346885574748,0.0000000000000000)
              (0.33826508914158909,0.0000000000000000)
              (0.30584100502350320,0.0000000000000000)
              (0.27582038516781893,0.0000000000000000)
              (0.24811277370615573,0.0000000000000000)
              (0.22261990948861221,0.0000000000000000)
              (0.19923745916555075,0.0000000000000000)
              (0.17785664764094503,0.0000000000000000)
              (0.15836577284245706,0.0000000000000000)
              (0.14065159505819691,0.0000000000000000)
              (0.12460059423603245,0.0000000000000000)
              (0.11010009157713163,0.0000000000000000)
         (9.70392344404592405E-002,0.0000000000000000)
         (8.53098459789837921E-002,0.0000000000000000)
         (7.48071430312696739E-002,0.0000000000000000)
         (6.54303275833039016E-002,0.0000000000000000)
         (5.70830585928983059E-002,0.0000000000000000)
         (4.96738121385921078E-002,0.0000000000000000)
         (4.31161387290633843E-002,0.0000000000000000)
         (3.73288272055755724E-002,0.0000000000000000)
         (3.22359850112065027E-002,0.0000000000000000)
         (2.77670447120412327E-002,0.0000000000000000)
         (2.38567065648069877E-002,0.0000000000000000)
         (2.04448266613784027E-002,0.0000000000000000)
         (1.74762597722257808E-002,0.0000000000000000)
         (1.49006654867086183E-002,0.0000000000000000)
         (1.26722856354144139E-002,0.0000000000000000)
         (1.07497003040444884E-002,0.0000000000000000)
         (9.09556903302760102E-003,0.0000000000000000)
         (7.67636306301427724E-003,0.0000000000000000)
         (6.46209375195256307E-003,0.0000000000000000)
         (5.42604157012765900E-003,0.0000000000000000)
         (4.54448938821782906E-003,0.0000000000000000)
         (3.79646312029615273E-003,0.0000000000000000)
         (3.16348217653283697E-003,0.0000000000000000)
         (2.62932162456810947E-003,0.0000000000000000)
         (2.17978745750708894E-003,0.0000000000000000)
         (1.80250592178920642E-003,0.0000000000000000)
         (1.48672746979313817E-003,0.0000000000000000)
         (1.22314556863839757E-003,0.0000000000000000)
         (1.00373031586524302E-003,0.0000000000000000)
         (8.21576581331771535E-004,0.0000000000000000)
         (6.70766208982228273E-004,0.0000000000000000)
         (5.46243667941581027E-004,0.0000000000000000)
         (4.43704435286764159E-004,0.0000000000000000)
         (3.59495318374345807E-004,0.0000000000000000)
         (2.90525878364362934E-004,0.0000000000000000)
         (2.34190094324701159E-004,0.0000000000000000)
         (1.88297405019907373E-004,0.0000000000000000)
         (1.51012279465730326E-004,0.0000000000000000)
         (1.20801494181171893E-004,0.0000000000000000)
         (9.63883317616474910E-005,0.0000000000000000)
         (7.67129592605814565E-005,0.0000000000000000)
         (6.08982935911572706E-005,0.0000000000000000)
         (4.82207127798368174E-005,0.0000000000000000)
         (3.80850247799715102E-005,0.0000000000000000)
         (3.00031583505862722E-005,0.0000000000000000)
         (2.35760921596661181E-005,0.0000000000000000)
         (1.84785879649956825E-005,0.0000000000000000)
         (1.44463408551520599E-005,0.0000000000000000)
         (1.12652036796814444E-005,0.0000000000000000)
         (8.76218369797364678E-006,0.0000000000000000)
         (6.79794699755839448E-006,0.0000000000000000)
         (5.26060034608585130E-006,0.0000000000000000)
         (4.06055090166421551E-006,0.0000000000000000)
         (3.12627173146449559E-006,0.0000000000000000)
         (2.40082554303846246E-006,0.0000000000000000)
         (1.83902061319337827E-006,0.0000000000000000)
         (1.40509182212189639E-006,0.0000000000000000)
         (1.07081619255614220E-006,0.0000000000000000)
         (8.13986624016846566E-007,0.0000000000000000)
         (6.17179825892816744E-007,0.0000000000000000)
         (4.66765006736339062E-007,0.0000000000000000)
         (3.52108875600356773E-007,0.0000000000000000)
         (2.64940145240061405E-007,0.0000000000000000)
         (1.98843171966577659E-007,0.0000000000000000)
         (1.48855782338516925E-007,0.0000000000000000)
         (1.11150866200391721E-007,0.0000000000000000)
         (8.27850867501338645E-008,0.0000000000000000)
         (6.15011844179694881E-008,0.0000000000000000)
         (4.55729315294517427E-008,0.0000000000000000)
         (3.36839153282330311E-008,0.0000000000000000)
         (2.48330625704794078E-008,0.0000000000000000)
         (1.82612336560279924E-008,0.0000000000000000)
         (1.33943628211565178E-008,0.0000000000000000)
         (9.79954967858352181E-009,0.0000000000000000)
         (7.15125548397528992E-009,0.0000000000000000)
         (5.20535775917352068E-009,0.0000000000000000)
         (3.77929669749178877E-009,0.0000000000000000)
         (2.73692884822312797E-009,0.0000000000000000)
         (1.97700670059283431E-009,0.0000000000000000)
         (1.42444239224807630E-009,0.0000000000000000)
         (1.02370247583393481E-009,0.0000000000000000)
         (7.33828765903003831E-010,0.0000000000000000)
         (5.24696086668332606E-010,0.0000000000000000)
         (3.74207970020222444E-010,0.0000000000000000)
         (2.66201412587902371E-010,0.0000000000000000)
         (1.88886010193127432E-010,0.0000000000000000)
         (1.33684589065964064E-010,0.0000000000000000)
         (9.43745757729405096E-011,0.0000000000000000)
         (6.64539490600073513E-011,0.0000000000000000)
         (4.66743943029281215E-011,0.0000000000000000)
         (3.26985656307450303E-011,0.0000000000000000)
         (2.28491910123040423E-011,0.0000000000000000)
         (1.59259397775800892E-011,0.0000000000000000)
         (1.10721363366046735E-011,0.0000000000000000)
         (7.67803160163291336E-012,0.0000000000000000)
         (5.31080652909261672E-012,0.0000000000000000)
         (3.66406509383205845E-012,0.0000000000000000)
         (2.52149432638751436E-012,0.0000000000000000)
         (1.73079218211406264E-012,0.0000000000000000)
         (1.18501533145241677E-012,0.0000000000000000)
         (8.09273143759085094E-013,0.0000000000000000)
         (5.51262438908618819E-013,0.0000000000000000)
         (3.74553440641904920E-013,0.0000000000000000)
         (2.53840721958825112E-013,0.0000000000000000)
         (1.71593531551157051E-013,0.0000000000000000)
         (1.15699809930560347E-013,0.0000000000000000)
         (7.78137765059387692E-014,0.0000000000000000)
         (5.22002347194702986E-014,0.0000000000000000)
         (3.49285480809405734E-014,0.0000000000000000)
         (2.33120639208273617E-014,0.0000000000000000)
         (1.55193322922042210E-014,0.0000000000000000)
         (1.03052244152286007E-014,0.0000000000000000)
         (6.82549244389697598E-015,0.0000000000000000)
         (4.50923263424382045E-015,0.0000000000000000)
         (2.97141565693900005E-015,0.0000000000000000)
         (1.95306316011461523E-015,0.0000000000000000)
         (1.28044604696519298E-015,0.0000000000000000)
         (8.37333359694447574E-016,0.0000000000000000)
         (5.46169720255595873E-016,0.0000000000000000)
         (3.55343977269836268E-016,0.0000000000000000)
         (2.30601651693921849E-016,0.0000000000000000)
         (1.49268436219406217E-016,0.0000000000000000)
         (9.63752832001568358E-017,0.0000000000000000)
         (6.20662442564815145E-017,0.0000000000000000)
         (3.98691870194751783E-017,0.0000000000000000)
         (2.55453235963880660E-017,0.0000000000000000)
         (1.63259157804734132E-017,0.0000000000000000)
         (1.04072457511611339E-017,0.0000000000000000)
         (6.61738164894414623E-018,0.0000000000000000)
         (4.19690047373507427E-018,0.0000000000000000)
         (2.65499234221656568E-018,0.0000000000000000)
         (1.67528997618210905E-018,0.0000000000000000)
         (1.05440831464747683E-018,0.0000000000000000)
         (6.61941742225702452E-019,0.0000000000000000)
         (4.14498373011518753E-019,0.0000000000000000)
         (2.58891627989454625E-019,0.0000000000000000)
         (1.61289203625372160E-019,0.0000000000000000)
         (1.00226993580846092E-019,0.0000000000000000)
         (6.21235441156680033E-020,0.0000000000000000)
         (3.84078378477460689E-020,0.0000000000000000)
         (2.36851211019185979E-020,0.0000000000000000)
         (1.45687897083826900E-020,0.0000000000000000)
         (8.93847550417562692E-021,0.0000000000000000)
         (5.47010356421935041E-021,0.0000000000000000)
         (3.33902567174248181E-021,0.0000000000000000)
         (2.03299393097168465E-021,0.0000000000000000)
         (1.23465187701477476E-021,0.0000000000000000)
         (7.47902654428100734E-022,0.0000000000000000)
         (4.51895215285192965E-022,0.0000000000000000)
         (2.72346956379601888E-022,0.0000000000000000)
         (1.63719128478564550E-022,0.0000000000000000)
         (9.81676595237520903E-023,0.0000000000000000)
         (5.87123636118056322E-023,0.0000000000000000)
         (3.50253760354410666E-023,0.0000000000000000)
         (2.08414611744924148E-023,0.0000000000000000)
         (1.23698842416126547E-023,0.0000000000000000)
         (7.32310434095301030E-024,0.0000000000000000)
         (4.32431103040694781E-024,0.0000000000000000)
         (2.54701052516596479E-024,0.0000000000000000)
         (1.49636199921691264E-024,0.0000000000000000)
         (8.76868999119353753E-025,0.0000000000000000)
         (5.12536591928479740E-025,0.0000000000000000)
         (2.98818273400817759E-025,0.0000000000000000)
         (1.73772697211876290E-025,0.0000000000000000)
         (1.00797102214156203E-025,0.0000000000000000)
         (5.83185431640801391E-026,0.0000000000000000)
         (3.36556049165672759E-026,0.0000000000000000)
         (1.93731503979059424E-026,0.0000000000000000)
         (1.11233400435243469E-026,0.0000000000000000)
         (6.37033531138507601E-027,0.0000000000000000)
         (3.63899522825002921E-027,0.0000000000000000)
         (2.07344631082207755E-027,0.0000000000000000)
         (1.17840945219914389E-027,0.0000000000000000)
         (6.68023522560605029E-028,0.0000000000000000)
         (3.77728198855078398E-028,0.0000000000000000)
         (2.13039029567744652E-028,0.0000000000000000)
         (1.19848073480708527E-028,0.0000000000000000)
         (6.72504282391954764E-029,0.0000000000000000)
         (3.76401344357742771E-029,0.0000000000000000)
         (2.10135482892593264E-029,0.0000000000000000)
         (1.17014514109841312E-029,0.0000000000000000)
         (6.49938389049062391E-030,0.0000000000000000)
         (3.60078143192553488E-030,0.0000000000000000)
         (1.98981841599786558E-030,0.0000000000000000)
         (1.09678687913115046E-030,0.0000000000000000)
         (6.03008121611864872E-031,0.0000000000000000)
         (3.30686291223175784E-031,0.0000000000000000)
         (1.80884492634424106E-031,0.0000000000000000)
         (9.86912376917798262E-032,0.0000000000000000)
         (5.37091117188985333E-032,0.0000000000000000)
         (2.91547591993177173E-032,0.0000000000000000)
         (1.57856715603215758E-032,0.0000000000000000)
         (8.52528254145373573E-033,0.0000000000000000)
         (4.59247302927154386E-033,0.0000000000000000)
         (2.46761023305857411E-033,0.0000000000000000)
         (1.32250896732436857E-033,0.0000000000000000)
         (7.06989238409610107E-034,0.0000000000000000)
         (3.76980681826284916E-034,0.0000000000000000)
         (2.00501443113648125E-034,0.0000000000000000)
         (1.06367272924243210E-034,0.0000000000000000)
         (5.62847396536737700E-035,0.0000000000000000)
         (2.97074526199311903E-035,0.0000000000000000)
         (1.56398390523698628E-035,0.0000000000000000)
         (8.21280025846583897E-036,0.0000000000000000)
         (4.30172215763221083E-036,0.0000000000000000)
         (2.24742686064333766E-036,0.0000000000000000)
         (1.17117257089931967E-036,0.0000000000000000)
         (6.08763118022263957E-037,0.0000000000000000)
         (3.15622450785293778E-037,0.0000000000000000)
         (1.63222324144658634E-037,0.0000000000000000)
         (8.41944263153162745E-038,0.0000000000000000)
         (4.33190816753075378E-038,0.0000000000000000)
         (2.22314226610636862E-038,0.0000000000000000)
         (1.13801342231003208E-038,0.0000000000000000)
         (5.81058191466109054E-039,0.0000000000000000)
         (2.95926587767738929E-039,0.0000000000000000)
         (1.50328200805027195E-039,0.0000000000000000)
         (7.61708930893878636E-040,0.0000000000000000)
         (3.84972538148492797E-040,0.0000000000000000)
         (1.94071859885608396E-040,0.0000000000000000)
         (9.75859962675365873E-041,0.0000000000000000)
         (4.89445733750135530E-041,0.0000000000000000)
         (2.44857668113232173E-041,0.0000000000000000)
         (1.22184182052487287E-041,0.0000000000000000)
         (6.08146731921929406E-042,0.0000000000000000)
         (3.01921390836072789E-042,0.0000000000000000)
         (1.49510434778931234E-042,0.0000000000000000)
         (7.38484254808745480E-043,0.0000000000000000)
         (3.63833840488070240E-043,0.0000000000000000)
         (1.78795694280005208E-043,0.0000000000000000)
         (8.76401548174360879E-044,0.0000000000000000)
         (4.28490631463104581E-044,0.0000000000000000)
         (2.08964080641530704E-044,0.0000000000000000)
         (1.01646882865272002E-044,0.0000000000000000)
         (4.93183574710798153E-045,0.0000000000000000)
         (2.38679576242089493E-045,0.0000000000000000)
         (1.15216327181991586E-045,0.0000000000000000)
         (5.54759707328359282E-046,0.0000000000000000)
         (2.66432934818559049E-046,0.0000000000000000)
         (1.27633013026194694E-046,0.0000000000000000)
         (6.09860140626429561E-047,0.0000000000000000)
         (2.90662893249727076E-047,0.0000000000000000)
         (1.38178683172566584E-047,0.0000000000000000)
         (6.55216192598501446E-048,0.0000000000000000)
         (3.09899095532743601E-048,0.0000000000000000)
         (1.46200248378801966E-048,0.0000000000000000)
         (6.87967665635228094E-049,0.0000000000000000)
         (3.22908932002983554E-049,0.0000000000000000)
         (1.51176471400454972E-049,0.0000000000000000)
         (7.05960602562074883E-050,0.0000000000000000)
         (3.28828037648384197E-050,0.0000000000000000)
         (1.52773958294800388E-050,0.0000000000000000)
         (7.07981543742621774E-051,0.0000000000000000)
         (3.27255275444653844E-051,0.0000000000000000)
         (1.50884104943687055E-051,0.0000000000000000)
         (6.93892894696282231E-052,0.0000000000000000)
         (3.18297703123591372E-052,0.0000000000000000)
         (1.45635309721935884E-052,0.0000000000000000)
         (6.64648421370571753E-053,0.0000000000000000)
         (3.02558519357201197E-053,0.0000000000000000)
         (1.37378544108897841E-053,0.0000000000000000)
         (6.22186448452641340E-054,0.0000000000000000)
         (2.81069875076985499E-054,0.0000000000000000)
         (1.26648534380264611E-054,0.0000000000000000)
         (5.69217378484455440E-055,0.0000000000000000)
         (2.55180948933605584E-055,0.0000000000000000)
         (1.14106519894722982E-055,0.0000000000000000)
         (5.08937892358736308E-056,0.0000000000000000)
         (2.26418145291349509E-056,0.0000000000000000)
         (1.00473095999586174E-056,0.0000000000000000)
         (4.44713646114099871E-057,0.0000000000000000)
         (1.96337493322349586E-057,0.0000000000000000)
         (8.64605796227418355E-058,0.0000000000000000)
         (3.79773938172760502E-058,0.0000000000000000)
         (1.66388876159926267E-058,0.0000000000000000)
         (7.27135810186111808E-059,0.0000000000000000)
         (3.16955938562674688E-059,0.0000000000000000)
         (1.37807980307146497E-059,0.0000000000000000)
         (5.97643165203837476E-060,0.0000000000000000)
         (2.58524472885945060E-060,0.0000000000000000)
         (1.11545866174334112E-060,0.0000000000000000)
         (4.80062092607302962E-061,0.0000000000000000)
         (2.06078869081033427E-061,0.0000000000000000)
         (8.82392129193890241E-062,0.0000000000000000)
         (3.76861613881514700E-062,0.0000000000000000)
         (1.60544080244159078E-062,0.0000000000000000)
         (6.82179719271686854E-063,0.0000000000000000)
         (2.89131511333329061E-063,0.0000000000000000)
         (1.22231787667547459E-063,0.0000000000000000)
         (5.15424449041755141E-064,0.0000000000000000)
         (2.16789369375277009E-064,0.0000000000000000)
         (9.09500754114293370E-065,0.0000000000000000)
         (3.80592529751043096E-065,0.0000000000000000)
         (1.58858175647213445E-065,0.0000000000000000)
         (6.61379906680088915E-066,0.0000000000000000)
         (2.74653120128460327E-066,0.0000000000000000)
         (1.13765398500767748E-066,0.0000000000000000)
         (4.70032580774575655E-067,0.0000000000000000)
         (1.93703669232949325E-067,0.0000000000000000)
         (7.96232402437371154E-068,0.0000000000000000)
         (3.26462995730405082E-068,0.0000000000000000)
         (1.33511965907908340E-068,0.0000000000000000)
         (5.44626206154549487E-069,0.0000000000000000)
         (2.21599610918050247E-069,0.0000000000000000)
         (8.99355856502336986E-070,0.0000000000000000)
         (3.64071141448741248E-070,0.0000000000000000)
         (1.47005322275730480E-070,0.0000000000000000)
         (5.92068528078867696E-071,0.0000000000000000)
         (2.37849919653431476E-071,0.0000000000000000)
         (9.53072978211186627E-072,0.0000000000000000)
         (3.80926703772129803E-072,0.0000000000000000)
         (1.51861888282058727E-072,0.0000000000000000)
         (6.03876719952099245E-073,0.0000000000000000)
         (2.39518958184035411E-073,0.0000000000000000)
         (9.47596865128514526E-074,0.0000000000000000)
         (3.73937871285190785E-074,0.0000000000000000)
         (1.47186304819700813E-074,0.0000000000000000)
         (5.77866432917836459E-075,0.0000000000000000)
         (2.26297443822735585E-075,0.0000000000000000)
         (8.83942353947687020E-076,0.0000000000000000)
         (3.44397788095121427E-076,0.0000000000000000)
         (1.33840909227245075E-076,0.0000000000000000)
         (5.18811408846997560E-077,0.0000000000000000)
         (2.00596001582583660E-077,0.0000000000000000)
         (7.73619024523071312E-078,0.0000000000000000)
         (2.97593968623962453E-078,0.0000000000000000)
         (1.14186095718746191E-078,0.0000000000000000)
         (4.37013081323849219E-079,0.0000000000000000)
         (1.66827547476799278E-079,0.0000000000000000)
         (6.35233229507562116E-080,0.0000000000000000)
         (2.41263023461239712E-080,0.0000000000000000)
         (9.13987883695070903E-081,0.0000000000000000)
         (3.45368103541952787E-081,0.0000000000000000)
         (1.30171565503705243E-081,0.0000000000000000)
         (4.89375411693816297E-082,0.0000000000000000)
         (1.83510228669493928E-082,0.0000000000000000)
         (6.86389328505132387E-083,0.0000000000000000)
         (2.56078362461119290E-083,0.0000000000000000)
         (9.52943956044946002E-084,0.0000000000000000)
         (3.53715385501475246E-084,0.0000000000000000)
         (1.30958187648515039E-084,0.0000000000000000)
         (4.83619135584622031E-085,0.0000000000000000)
         (1.78142035971489939E-085,0.0000000000000000)
         (6.54517799130887987E-086,0.0000000000000000)
         (2.39865963037337235E-086,0.0000000000000000)
         (8.76814867835711890E-087,0.0000000000000000)
         (3.19697543726728093E-087,0.0000000000000000)
         (1.16268697818044698E-087,0.0000000000000000)
         (4.21772667371984077E-088,0.0000000000000000)
         (1.52611116875896254E-088,0.0000000000000000)
         (5.50789971187157024E-089,0.0000000000000000)
         (1.98279580799874377E-089,0.0000000000000000)
         (7.11970623877309020E-090,0.0000000000000000)
         (2.54998879737257645E-090,0.0000000000000000)
         (9.10975264586573706E-091,0.0000000000000000)
         (3.24613824967870473E-091,0.0000000000000000)
         (1.15377082783594983E-091,0.0000000000000000)
         (4.09038522213916000E-092,0.0000000000000000)
         (1.44644186131045898E-092,0.0000000000000000)
         (5.10187564146971345E-093,0.0000000000000000)
         (1.79494385869063276E-093,0.0000000000000000)
         (6.29888943657483791E-094,0.0000000000000000)
         (2.20480007962075693E-094,0.0000000000000000)
         (7.69779890070715111E-095,0.0000000000000000)
         (2.68074819002690877E-095,0.0000000000000000)
         (9.31188483872968540E-096,0.0000000000000000)
         (3.22634856953128778E-096,0.0000000000000000)
         (1.11500570772823871E-096,0.0000000000000000)
         (3.84357190150662243E-097,0.0000000000000000)
         (1.32155439653013407E-097,0.0000000000000000)
         (4.53238916486457616E-098,0.0000000000000000)
         (1.55046317663205963E-098,0.0000000000000000)
         (5.29039177629977535E-099,0.0000000000000000)
         (1.80055473389482309E-099,0.0000000000000000)
         (6.11247274511364265E-100,0.0000000000000000)
         (2.06975842157563837E-100,0.0000000000000000)
         (6.99060069511868551E-101,0.0000000000000000)
         (2.35505713638324290E-101,0.0000000000000000)
         (7.91371699202180018E-102,0.0000000000000000)
         (2.65247742837147838E-102,0.0000000000000000)
         (8.86778170039049669E-103,0.0000000000000000)
         (2.95712991576774121E-103,0.0000000000000000)
         (9.83598665783059755E-104,0.0000000000000000)
         (3.26330428984751399E-104,0.0000000000000000)
         (1.07991438828770612E-104,0.0000000000000000)
         (3.56461965980880334E-105,0.0000000000000000)
         (1.17362454379744749E-105,0.0000000000000000)
         (3.85422694517845315E-106,0.0000000000000000)
         (1.26251776565993466E-106,0.0000000000000000)
         (4.12505579960566975E-107,0.0000000000000000)
         (1.34435594473841252E-107,0.0000000000000000)
         (4.37009452743821522E-108,0.0000000000000000)
         (1.41696624626855427E-108,0.0000000000000000)
         (4.58268803358734060E-109,0.0000000000000000)
         (1.47833615069466954E-109,0.0000000000000000)
         (4.75683640199220948E-110,0.0000000000000000)
         (1.52670577486608057E-110,0.0000000000000000)
         (4.88747553097317066E-111,0.0000000000000000)
         (1.56065158827702199E-111,0.0000000000000000)
         (4.97072155589111626E-112,0.0000000000000000)
         (1.57915597590570651E-112,0.0000000000000000)
         (5.00406261160006161E-113,0.0000000000000000)
         (1.58165790653951016E-113,0.0000000000000000)
         (4.98648472622803246E-114,0.0000000000000000)
         (1.56808118671665673E-114,0.0000000000000000)
         (4.91852304250822414E-115,0.0000000000000000)
         (1.53883831494826393E-115,0.0000000000000000)
         (4.80223475640419008E-116,0.0000000000000000)
         (1.49480966419646028E-116,0.0000000000000000)
         (4.64109568241200997E-117,0.0000000000000000)
         (1.43729945847952221E-117,0.0000000000000000)
         (4.43982770187301735E-118,0.0000000000000000)
         (1.36797161512400179E-118,0.0000000000000000)
         (4.20416904533941791E-119,0.0000000000000000)
         (1.28876985521767928E-119,0.0000000000000000)
         (3.94060299412846446E-120,0.0000000000000000)
         (1.20182742884677042E-120,0.0000000000000000)
         (3.65606286618067189E-121,0.0000000000000000)
         (1.10937228770048998E-121,0.0000000000000000)
         (3.35763192671606788E-122,0.0000000000000000)
         (1.01363354236100713E-122,0.0000000000000000)
         (3.05225613872246001E-123,0.0000000000000000)
         (9.16754590002484177E-124,0.0000000000000000)
         (2.74648559181769037E-124,0.0000000000000000)
         (8.20717458212502425E-125,0.0000000000000000)
         (2.44625729237244708E-125,0.0000000000000000)
         (7.27281783244486890E-126,0.0000000000000000)
         (2.15672811941743425E-126,0.0000000000000000)
         (6.37940547165204495E-127,0.0000000000000000)
         (1.88216254705951055E-127,0.0000000000000000)
         (5.53893364703399266E-128,0.0000000000000000)
         (1.62587559725782294E-128,0.0000000000000000)
         (4.76036855487722242E-129,0.0000000000000000)
         (1.39022776404065786E-129,0.0000000000000000)
         (4.04970559439950633E-130,0.0000000000000000)
         (1.17666561173623162E-130,0.0000000000000000)
         (3.41016023091401179E-131,0.0000000000000000)
         (9.85799569639434222E-132,0.0000000000000000)
         (2.84246141355419149E-132,0.0000000000000000)
         (8.17509195237886370E-133,0.0000000000000000)
         (2.34521589724871829E-133,0.0000000000000000)
         (6.71065832843675869E-134,0.0000000000000000)
         (1.91531204609700839E-134,0.0000000000000000)
         (5.45263048867520427E-135,0.0000000000000000)
         (1.54833421140547890E-135,0.0000000000000000)
         (4.38546315884215612E-136,0.0000000000000000)
         (1.23896300531647269E-136,0.0000000000000000)
         (3.49134949651397382E-137,0.0000000000000000)
         (9.81342091276924123E-138,0.0000000000000000)
         (2.75131073679520864E-138,0.0000000000000000)
         (7.69397859802719420E-139,0.0000000000000000)
         (2.14612206467496575E-139,0.0000000000000000)
         (5.97103999455386031E-140,0.0000000000000000)
         (1.65705779258013780E-140,0.0000000000000000)
         (4.58688070769350088E-141,0.0000000000000000)
         (1.26645379665607753E-141,0.0000000000000000)
         (3.48781442804886438E-142,0.0000000000000000)
         (9.58097052878522419E-143,0.0000000000000000)
         (2.62517193949339199E-143,0.0000000000000000)
         (7.17460700735814687E-144,0.0000000000000000)
         (1.95582771536062190E-144,0.0000000000000000)
         (5.31808396031666110E-145,0.0000000000000000)
     Pot          Kin
  0.0000       0.0000
  0.0000       0.0004
  0.0000       0.0017
  0.0000       0.0037
  0.0001       0.0066
  0.0001       0.0103
  0.0002       0.0149
  0.0002       0.0202
  0.0003       0.0264
  0.0003       0.0335
  0.0004       0.0413
  0.0005       0.0500
  0.0006       0.0595
  0.0007       0.0698
  0.0008       0.0810
  0.0010       0.0929
  0.0011       0.1057
  0.0012       0.1194
  0.0014       0.1338
  0.0015       0.1491
  0.0017       0.1652
  0.0019       0.1822
  0.0021       0.1999
  0.0023       0.2185
  0.0025       0.2379
  0.0027       0.2582
  0.0029       0.2792
  0.0031       0.3011
  0.0033       0.3239
  0.0036       0.3474
  0.0038       0.3718
  0.0041       0.3970
  0.0044       0.4230
  0.0046       0.4498
  0.0049       0.4775
  0.0052       0.5060
  0.0055       0.5353
  0.0058       0.5655
  0.0061       0.5965
  0.0065       0.6283
  0.0068       0.6609
  0.0072       0.6944
  0.0075       0.7287
  0.0079       0.7638
  0.0082       0.7997
  0.0086       0.8365
  0.0090       0.8741
  0.0094       0.9125
  0.0098       0.9517
  0.0102       0.9918
  0.0106       1.0327
  0.0111       1.0744
  0.0115       1.1170
  0.0120       1.1603
  0.0124       1.2045
  0.0129       1.2496
  0.0133       1.2954
  0.0138       1.3421
  0.0143       1.3896
  0.0148       1.4379
  0.0153       1.4871
  0.0158       1.5371
  0.0164       1.5879
  0.0169       1.6395
  0.0174       1.6920
  0.0180       1.7452
  0.0185       1.7994
  0.0191       1.8543
  0.0197       1.9101
  0.0203       1.9667
  0.0209       2.0241
  0.0215       2.0823
  0.0221       2.1414
  0.0227       2.2013
  0.0233       2.2620
  0.0239       2.3236
  0.0246       2.3859
  0.0252       2.4491
  0.0259       2.5132
  0.0266       2.5780
  0.0272       2.6437
  0.0279       2.7102
  0.0286       2.7775
  0.0293       2.8457
  0.0300       2.9147
  0.0307       2.9845
  0.0315       3.0551
  0.0322       3.1266
  0.0330       3.1989
  0.0337       3.2720
  0.0345       3.3459
  0.0352       3.4207
  0.0360       3.4963
  0.0368       3.5727
  0.0376       3.6499
  0.0384       3.7280
  0.0392       3.8069
  0.0400       3.8866
  0.0409       3.9672
  0.0417       4.0486
  0.0426       4.1308
  0.0434       4.2138
  0.0443       4.2976
  0.0452       4.3823
  0.0460       4.4678
  0.0469       4.5542
  0.0478       4.6413
  0.0487       4.7293
  0.0496       4.8181
  0.0506       4.9078
  0.0515       4.9982
  0.0524       5.0895
  0.0534       5.1816
  0.0543       5.2746
  0.0553       5.3683
  0.0563       5.4629
  0.0573       5.5583
  0.0583       5.6546
  0.0593       5.7517
  0.0603       5.8496
  0.0613       5.9483
  0.0623       6.0478
  0.0633       6.1482
  0.0644       6.2494
  0.0654       6.3515
  0.0665       6.4543
  0.0676       6.5580
  0.0686       6.6625
  0.0697       6.7678
  0.0708       6.8740
  0.0719       6.9810
  0.0730       7.0888
  0.0742       7.1974
  0.0753       7.3069
  0.0764       7.4172
  0.0776       7.5283
  0.0787       7.6402
  0.0799       7.7530
  0.0811       7.8666
  0.0822       7.9810
  0.0834       8.0963
  0.0846       8.2124
  0.0858       8.3293
  0.0870       8.4470
  0.0883       8.5655
  0.0895       8.6849
  0.0907       8.8051
  0.0920       8.9262
  0.0932       9.0480
  0.0945       9.1707
  0.0958       9.2942
  0.0970       9.4185
  0.0983       9.5437
  0.0996       9.6697
  0.1009       9.7965
  0.1022       9.9241
  0.1036      10.0526
  0.1049      10.1819
  0.1062      10.3120
  0.1076      10.4430
  0.1090      10.5747
  0.1103      10.7073
  0.1117      10.8408
  0.1131      10.9750
  0.1145      11.1101
  0.1159      11.2460
  0.1173      11.3827
  0.1187      11.5203
  0.1201      11.6587
  0.1216      11.7979
  0.1230      11.9379
  0.1244      12.0787
  0.1259      12.2204
  0.1274      12.3629
  0.1289      12.5063
  0.1303      12.6504
  0.1318      12.7954
  0.1333      12.9413
  0.1348      13.0879
  0.1364      13.2354
  0.1379      13.3837
  0.1394      13.5328
  0.1410      13.6827
  0.1425      13.8335
  0.1441      13.9851
  0.1457      14.1375
  0.1472      14.2908
  0.1488      14.4448
  0.1504      14.5998
  0.1520      14.7555
  0.1536      14.9120
  0.1553      15.0694
  0.1569      15.2276
  0.1585      15.3867
  0.1602      15.5465
  0.1618      15.7072
  0.1635      15.8687
  0.1652      16.0311
  0.1669      16.1942
  0.1685      16.3582
  0.1702      16.5230
  0.1719      16.6887
  0.1737      16.8551
  0.1754      17.0224
  0.1771      17.1906
  0.1789      17.3595
  0.1806      17.5293
  0.1824      17.6999
  0.1841      17.8713
  0.1859      18.0436
  0.1877      18.2166
  0.1895      18.3905
  0.1913      18.5653
  0.1931      18.7408
  0.1949      18.9172
  0.1967      19.0944
  0.1986      19.2725
  0.2004      19.4513
  0.2023      19.6310
  0.2041      19.8115
  0.2060      19.9929
  0.2079      20.1750
  0.2098      20.3580
  0.2116      20.5418
  0.2135      20.7265
  0.2155      20.9120
  0.2174      21.0983
  0.2193      21.2854
  0.2212      21.4733
  0.2232      21.6621
  0.2251      21.8517
  0.2271      22.0421
  0.2291      22.2334
  0.2311      22.4255
  0.2330      22.6184
  0.2350      22.8121
  0.2370      23.0067
  0.2391      23.2021
  0.2411      23.3983
  0.2431      23.5953
  0.2451      23.7932
  0.2472      23.9919
  0.2492      24.1914
  0.2513      24.3917
  0.2534      24.5929
  0.2555      24.7949
  0.2576      24.9977
  0.2597      25.2013
  0.2618      25.4058
  0.2639      25.6111
  0.2660      25.8172
  0.2681      26.0242
  0.2703      26.2320
  0.2724      26.4406
  0.2746      26.6500
  0.2767      26.8603
  0.2789      27.0713
  0.2811      27.2832
  0.2833      27.4960
  0.2855      27.7095
  0.2877      27.9239
  0.2899      28.1391
  0.2921      28.3552
  0.2944      28.5720
  0.2966      28.7897
  0.2989      29.0082
  0.3011      29.2276
  0.3034      29.4478
  0.3057      29.6688
  0.3080      29.8906
  0.3103      30.1132
  0.3126      30.3367
  0.3149      30.5610
  0.3172      30.7861
  0.3195      31.0121
  0.3219      31.2389
  0.3242      31.4665
  0.3266      31.6949
  0.3289      31.9241
  0.3313      32.1542
  0.3337      32.3851
  0.3361      32.6169
  0.3385      32.8494
  0.3409      33.0828
  0.3433      33.3170
  0.3457      33.5521
  0.3481      33.7879
  0.3506      34.0246
  0.3530      34.2622
  0.3555      34.5005
  0.3579      34.7397
  0.3604      34.9797
  0.3629      35.2205
  0.3654      35.4621
  0.3679      35.7046
  0.3704      35.9479
  0.3729      36.1920
  0.3754      36.4370
  0.3779      36.6828
  0.3805      36.9294
  0.3830      37.1768
  0.3856      37.4251
  0.3882      37.6742
  0.3907      37.9241
  0.3933      38.1748
  0.3959      38.4264
  0.3985      38.6788
  0.4011      38.9320
  0.4037      39.1860
  0.4064      39.4409
  0.4090      39.6966
  0.4116      39.9531
  0.4143      40.2104
  0.4170      40.4686
  0.4196      40.7276
  0.4223      40.9874
  0.4250      41.2481
  0.4277      41.5096
  0.4304      41.7719
  0.4331      42.0350
  0.4358      42.2990
  0.4385      42.5637
  0.4413      42.8294
  0.4440      43.0958
  0.4468      43.3630
  0.4495      43.6311
  0.4523      43.9000
  0.4551      44.1698
  0.4579      44.4403
  0.4607      44.7117
  0.4635      44.9840
  0.4663      45.2570
  0.4691      45.5309
  0.4719      45.8056
  0.4748      46.0811
  0.4776      46.3574
  0.4805      46.6346
  0.4833      46.9126
  0.4862      47.1914
  0.4891      47.4711
  0.4920      47.7516
  0.4949      48.0329
  0.4978      48.3150
  0.5007      48.5980
  0.5036      48.8817
  0.5066      49.1663
  0.5095      49.4518
  0.5125      49.7380
  0.5154      50.0251
  0.5184      50.3130
  0.5214      50.6018
  0.5243      50.8914
  0.5273      51.1817
  0.5303      51.4730
  0.5333      51.7650
  0.5364      52.0579
  0.5394      52.3516
  0.5424      52.6461
  0.5455      52.9414
  0.5485      53.2376
  0.5516      53.5346
  0.5546      53.8324
  0.5577      54.1311
  0.5608      54.4306
  0.5639      54.7309
  0.5670      55.0320
  0.5701      55.3340
  0.5732      55.6368
  0.5764      55.9404
  0.5795      56.2448
  0.5826      56.5501
  0.5858      56.8562
  0.5890      57.1631
  0.5921      57.4708
  0.5953      57.7794
  0.5985      58.0888
  0.6017      58.3990
  0.6049      58.7100
  0.6081      59.0219
  0.6113      59.3346
  0.6146      59.6481
  0.6178      59.9625
  0.6210      60.2777
  0.6243      60.5937
  0.6276      60.9105
  0.6308      61.2282
  0.6341      61.5466
  0.6374      61.8659
  0.6407      62.1861
  0.6440      62.5070
  0.6473      62.8288
  0.6507      63.1514
  0.6540      63.4749
  0.6573      63.7991
  0.6607      64.1242
  0.6640      64.4501
  0.6674      64.7769
  0.6708      65.1045
  0.6742      65.4329
  0.6776      65.7621
  0.6810      66.0921
  0.6844      66.4230
  0.6878      66.7547
  0.6912      67.0872
  0.6946      67.4206
  0.6981      67.7548
  0.7015      68.0898
  0.7050      68.4256
  0.7085      68.7622
  0.7119      69.0997
  0.7154      69.4380
  0.7189      69.7772
  0.7224      70.1171
  0.7259      70.4579
  0.7295      70.7995
  0.7330      71.1420
  0.7365      71.4852
  0.7401      71.8293
  0.7436      72.1743
  0.7472      72.5200
  0.7508      72.8666
  0.7543      73.2140
  0.7579      73.5622
  0.7615      73.9112
  0.7651      74.2611
  0.7687      74.6118
  0.7724      74.9633
  0.7760      75.3157
  0.7796      75.6689
  0.7833      76.0229
  0.7869      76.3777
  0.7906      76.7334
  0.7943      77.0899
  0.7979      77.4472
  0.8016      77.8053
  0.8053      78.1643
  0.8090      78.5241
  0.8128      78.8847
  0.8165      79.2461
  0.8202      79.6084
  0.8240      79.9715
  0.8277      80.3354
  0.8315      80.7001
  0.8352      81.0657
  0.8390      81.4321
  0.8428      81.7993
  0.8466      82.1674
  0.8504      82.5363
  0.8542      82.9060
  0.8580      83.2765
  0.8618      83.6478
  0.8657      84.0200
  0.8695      84.3930
  0.8734      84.7669
  0.8772      85.1415
  0.8811      85.5170
  0.8850      85.8933
  0.8889      86.2705
  0.8927      86.6484
  0.8966      87.0272
  0.9006      87.4068
  0.9045      87.7873
  0.9084      88.1685
  0.9123      88.5506
  0.9163      88.9336
  0.9202      89.3173
  0.9242      89.7019
  0.9282      90.0873
  0.9322      90.4735
  0.9361      90.8606
  0.9401      91.2484
  0.9441      91.6371
  0.9482      92.0267
  0.9522      92.4170
  0.9562      92.8082
  0.9603      93.2002
  0.9643      93.5931
  0.9684      93.9867
  0.9724      94.3812
  0.9765      94.7765
  0.9806      95.1727
  0.9847      95.5696
  0.9888      95.9674
  0.9929      96.3660
  0.9970      96.7655
  1.0011      97.1658
  1.0052      97.5668
  1.0094      97.9688
  1.0135      98.3715
  1.0177      98.7751
  1.0219      99.1795
  1.0260      99.5847
  1.0302      99.9908
  1.0344     100.3977
  1.0386     100.8054
  1.0428     101.2139
  1.0470     101.6233
  1.0513     102.0334
  1.0555     102.4444
  1.0597     102.8563
  1.0640     103.2689
  1.0682     103.6824
  1.0725     104.0968
  1.0768     104.5119
  1.0811     104.9279
  1.0854     105.3447
  1.0897     105.7623
  1.0940     106.1807
  1.0983     106.6000
  1.1026     107.0201
  1.1070     107.4410
  1.1113     107.8628
