  -2.5500000000000003       0.27674357656105003       -314.15926535897933        27.071334853060748     
  -2.5400000000000000       0.27457729466224834       -312.93208072867083        26.860253125309377     
  -2.5300000000000002       0.27241952467660513       -311.70489609836233        26.649997549134330     
  -2.5200000000000000       0.27027026660412024       -310.47771146805377        26.440568124535599     
  -2.5100000000000002       0.26812952044479371       -309.25052683774527        26.231964851513208     
  -2.5000000000000000       0.26599728619862550       -308.02334220743677        26.024187730067144     
  -2.4900000000000002       0.26387356386561572       -306.79615757712827        25.817236760197403     
  -2.4800000000000000       0.26175835344576420       -305.56897294681971        25.611111941903982     
  -2.4700000000000002       0.25965165493907111       -304.34178831651121        25.405813275186890     
  -2.4600000000000000       0.25755346834553633       -303.11460368620271        25.201340760046129     
  -2.4500000000000002       0.25546379366515998       -301.88741905589421        24.997694396481695     
  -2.4399999999999999       0.25338263089794189       -300.66023442558566        24.794874184493576     
  -2.4300000000000002       0.25130998004388222       -299.43304979527716        24.592880124081795     
  -2.4199999999999999       0.24924584110298084       -298.20586516496866        24.391712215246340     
  -2.4100000000000001       0.24719021407523789       -296.97868053466016        24.191370457987212     
  -2.3999999999999999       0.24514309896065326       -295.75149590435166        23.991854852304407     
  -2.3900000000000001       0.24310449575922702       -294.52431127404310        23.793165398197917     
  -2.3799999999999999       0.24107440447095907       -293.29712664373460        23.595302095667769     
  -2.3700000000000001       0.23905282509584955       -292.06994201342610        23.398264944713944     
  -2.3599999999999999       0.23703975763389831       -290.84275738311760        23.202053945336448     
  -2.3500000000000001       0.23503520208510553       -289.61557275280904        23.006669097535266     
  -2.3399999999999999       0.23303915844947096       -288.38838812250054        22.812110401310420     
  -2.3300000000000001       0.23105162672699489       -287.16120349219204        22.618377856661901     
  -2.3199999999999998       0.22907260691767709       -285.93401886188354        22.425471463589709     
  -2.3100000000000001       0.22710209902151768       -284.70683423157499        22.233391222093832     
  -2.3000000000000003       0.22514010303851667       -283.47964960126649        22.042137132174290     
  -2.2900000000000000       0.22318661896867392       -282.25246497095799        21.851709193831077     
  -2.2800000000000002       0.22124164681198963       -281.02528034064949        21.662107407064191     
  -2.2700000000000000       0.21930518656846357       -279.79809571034099        21.473331771873628     
  -2.2600000000000002       0.21737723823809599       -278.57091108003243        21.285382288259385     
  -2.2500000000000000       0.21545780182088664       -277.34372644972393        21.098258956221478     
  -2.2400000000000002       0.21354687731683575       -276.11654181941543        20.911961775759892     
  -2.2300000000000000       0.21164446472594317       -274.88935718910693        20.726490746874635     
  -2.2200000000000002       0.20975056404820897       -273.66217255879837        20.541845869565698     
  -2.2100000000000000       0.20786517528363310       -272.43498792848987        20.358027143833095     
  -2.2000000000000002       0.20598829843221561       -271.20780329818137        20.175034569676818     
  -2.1899999999999999       0.20411993349395643       -269.98061866787287        19.992868147096871     
  -2.1800000000000002       0.20226008046885569       -268.75343403756432        19.811527876093233     
  -2.1699999999999999       0.20040873935691322       -267.52624940725582        19.631013756665936     
  -2.1600000000000001       0.19856591015812916       -266.29906477694732        19.451325788814966     
  -2.1499999999999999       0.19673159287250341       -265.07188014663882        19.272463972540319     
  -2.1400000000000001       0.19490578750003607       -263.84469551633032        19.094428307841998     
  -2.1299999999999999       0.19308849404072700       -262.61751088602176        18.917218794720000     
  -2.1200000000000001       0.19127971249457643       -261.39032625571326        18.740835433174333     
  -2.1099999999999999       0.18947944286158408       -260.16314162540476        18.565278223204992     
  -2.1000000000000001       0.18768768514175016       -258.93595699509626        18.390547164811974     
  -2.0899999999999999       0.18590443933507453       -257.70877236478771        18.216642257995282     
  -2.0800000000000001       0.18412970544155735       -256.48158773447921        18.043563502754917     
  -2.0699999999999998       0.18236348346119843       -255.25440310417071        17.871310899090883     
  -2.0600000000000001       0.18060577339399794       -254.02721847386218        17.699884447003171     
  -2.0499999999999998       0.17885657523995577       -252.80003384355368        17.529284146491790     
  -2.0400000000000000       0.17711588899907199       -251.57284921324515        17.359509997556728     
  -2.0300000000000002       0.17538371467134656       -250.34566458293665        17.190562000197996     
  -2.0200000000000000       0.17366005225677944       -249.11847995262815        17.022440154415595     
  -2.0100000000000002       0.17194490175537072       -247.89129532231962        16.855144460209512     
  -2.0000000000000000       0.17023826316712032       -246.66411069201112        16.688674917579764     
  -1.9900000000000000       0.16854013649202831       -245.43692606170259        16.523031526526335     
  -1.9800000000000000       0.16685052173009463       -244.20974143139409        16.358214287049236     
  -1.9700000000000000       0.16516941888131931       -242.98255680108556        16.194223199148460     
  -1.9600000000000000       0.16349682794570233       -241.75537217077706        16.031058262824015     
  -1.9500000000000000       0.16183274892324373       -240.52818754046854        15.868719478075892     
  -1.9399999999999999       0.16017718181394350       -239.30100291016004        15.707206844904098     
  -1.9299999999999999       0.15853012661780161       -238.07381827985151        15.546520363308627     
  -1.9199999999999999       0.15689158333481809       -236.84663364954301        15.386660033289488     
  -1.9100000000000001       0.15526155196499292       -235.61944901923448        15.227625854846668     
  -1.9000000000000001       0.15364003250832611       -234.39226438892598        15.069417827980180     
  -1.8900000000000001       0.15202702496481763       -233.16507975861748        14.912035952690017     
  -1.8800000000000001       0.15042252933446754       -231.93789512830895        14.755480228976179     
  -1.8700000000000001       0.14882654561727579       -230.71071049800045        14.599750656838671     
  -1.8600000000000001       0.14723907381324239       -229.48352586769192        14.444847236277484     
  -1.8500000000000001       0.14566011392236733       -228.25634123738342        14.290769967292629     
  -1.8400000000000001       0.14408966594465064       -227.02915660707490        14.137518849884094     
  -1.8300000000000001       0.14252772988009232       -225.80197197676640        13.985093884051890     
  -1.8200000000000001       0.14097430572869235       -224.57478734645787        13.833495069796010     
  -1.8100000000000001       0.13942939349045072       -223.34760271614937        13.682722407116458     
  -1.8000000000000000       0.13789299316536746       -222.12041808584084        13.532775896013231     
  -1.7900000000000000       0.13636510475344255       -220.89323345553234        13.383655536486332     
  -1.7800000000000000       0.13484572825467600       -219.66604882522384        13.235361328535760     
  -1.7700000000000000       0.13333486366906783       -218.43886419491531        13.087893272161510     
  -1.7600000000000000       0.13183251099661797       -217.21167956460681        12.941251367363590     
  -1.7500000000000000       0.13033867023732648       -215.98449493429828        12.795435614141994     
  -1.7400000000000000       0.12885334139119337       -214.75731030398978        12.650446012496726     
  -1.7300000000000000       0.12737652445821859       -213.53012567368125        12.506282562427781     
  -1.7200000000000000       0.12590821943840216       -212.30294104337275        12.362945263935169     
  -1.7100000000000000       0.12444842633174412       -211.07575641306423        12.220434117018877     
  -1.7000000000000000       0.12299714513824442       -209.84857178275573        12.078749121678916     
  -1.6899999999999999       0.12155437585790307       -208.62138715244720        11.937890277915276     
  -1.6799999999999999       0.12012011849072007       -207.39420252213870        11.797857585727968     
  -1.6699999999999999       0.11869437303669546       -206.16701789183017        11.658651045116981     
  -1.6600000000000001       0.11727713949582920       -204.93983326152167        11.520270656082324     
  -1.6500000000000001       0.11586841786812130       -203.71264863121317        11.382716418623993     
  -1.6400000000000001       0.11446820815357173       -202.48546400090464        11.245988332741987     
  -1.6300000000000001       0.11307651035218050       -201.25827937059614        11.110086398436309     
  -1.6200000000000001       0.11169332446394767       -200.03109474028761        10.975010615706955     
  -1.6100000000000001       0.11031865048887315       -198.80391010997911        10.840760984553929     
  -1.6000000000000001       0.10895248842695703       -197.57672547967059        10.707337504977229     
  -1.5900000000000001       0.10759483827819923       -196.34954084936209        10.574740176976855     
  -1.5800000000000001       0.10624570004259981       -195.12235621905356        10.442969000552806     
  -1.5700000000000001       0.10490507372015873       -193.89517158874506        10.312023975705086     
  -1.5600000000000001       0.10357295931087601       -192.66798695843653        10.181905102433690     
  -1.5500000000000000       0.10224935681475165       -191.44080232812803        10.052612380738623     
  -1.5400000000000000       0.10093426623178563       -190.21361769781950        9.9241458106198781     
  -1.5300000000000000        9.9627687561977984E-002  -188.98643306751100        9.7965053920774654     
  -1.5200000000000000        9.8329620805328699E-002  -187.75924843720250        9.6696911251113757     
  -1.5100000000000000        9.7040065961837757E-002  -186.53206380689397        9.5437030097216109     
  -1.5000000000000000        9.5759023031505186E-002  -185.30487917658547        9.4185410459081744     
  -1.4900000000000000        9.4486492014330958E-002  -184.07769454627694        9.2942052336710628     
  -1.4800000000000000        9.3222472910315088E-002  -182.85050991596844        9.1706955730102795     
  -1.4700000000000000        9.1966965719457561E-002  -181.62332528565992        9.0480120639258210     
  -1.4600000000000000        9.0719970441758405E-002  -180.39614065535142        8.9261547064176909     
  -1.4500000000000000        8.9481487077217620E-002  -179.16895602504289        8.8051235004858839     
  -1.4399999999999999        8.8251515625835164E-002  -177.94177139473439        8.6849184461304052     
  -1.4299999999999999        8.7030056087611080E-002  -176.71458676442586        8.5655395433512513     
  -1.4199999999999999        8.5817108462545352E-002  -175.48740213411736        8.4469867921484258     
  -1.4099999999999999        8.4612672750637968E-002  -174.26021750380883        8.3292601925219234     
  -1.4000000000000001        8.3416748951888969E-002  -173.03303287350033        8.2123597444717511     
  -1.3900000000000001        8.2229337066298314E-002  -171.80584824319183        8.0962854479979054     
  -1.3800000000000001        8.1050437093866001E-002  -170.57866361288330        7.9810373031003827     
  -1.3700000000000001        7.9880049034592046E-002  -169.35147898257480        7.8666153097791884     
  -1.3600000000000001        7.8718172888476448E-002  -168.12429435226628        7.7530194680343190     
  -1.3500000000000001        7.7564808655519207E-002  -166.89710972195778        7.6402497778657779     
  -1.3400000000000001        7.6419956335720324E-002  -165.66992509164925        7.5283062392735607     
  -1.3300000000000001        7.5283615929079784E-002  -164.44274046134075        7.4171888522576728     
  -1.3200000000000001        7.4155787435597614E-002  -163.21555583103222        7.3068976168181079     
  -1.3100000000000001        7.3036470855273802E-002  -161.98837120072372        7.1974325329548714     
  -1.3000000000000000        7.1925666188108348E-002  -160.76118657041519        7.0887936006679597     
  -1.2900000000000000        7.0823373434101236E-002  -159.53400194010669        6.9809808199573773     
  -1.2800000000000000        6.9729592593252482E-002  -158.30681730979816        6.8739941908231170     
  -1.2700000000000000        6.8644323665562085E-002  -157.07963267948966        6.7678337132651869     
  -1.2600000000000000        6.7567566651030059E-002  -155.85244804918116        6.6624993872835825     
  -1.2500000000000000        6.6499321549656376E-002  -154.62526341887263        6.5579912128783020     
  -1.2400000000000000        6.5439588361441051E-002  -153.39807878856413        6.4543091900493508     
  -1.2300000000000000        6.4388367086384082E-002  -152.17089415825561        6.3514533187967226     
  -1.2200000000000000        6.3345657724485471E-002  -150.94370952794711        6.2494235991204237     
  -1.2100000000000000        6.2311460275745210E-002  -149.71652489763858        6.1482200310204487     
  -1.2000000000000000        6.1285774740163314E-002  -148.48934026733008        6.0478426144968029     
  -1.1899999999999999        6.0268601117739767E-002  -147.26215563702155        5.9482913495494794     
  -1.1799999999999999        5.9259939408474578E-002  -146.03497100671305        5.8495662361784859     
  -1.1699999999999999        5.8259789612367739E-002  -144.80778637640452        5.7516672743838164     
  -1.1599999999999999        5.7268151729419271E-002  -143.58060174609602        5.6545944641654753     
  -1.1500000000000001        5.6285025759629168E-002  -142.35341711578749        5.5583478055234581     
  -1.1400000000000001        5.5310411702997407E-002  -141.12623248547899        5.4629272984577693     
  -1.1300000000000001        5.4344309559523997E-002  -139.89904785517049        5.3683329429684070     
  -1.1200000000000001        5.3386719329208937E-002  -138.67186322486197        5.2745647390553696     
  -1.1100000000000001        5.2437641012052241E-002  -137.44467859455347        5.1816226867186588     
  -1.1000000000000001        5.1497074608053903E-002  -136.21749396424494        5.0895067859582737     
  -1.0900000000000001        5.0565020117213921E-002  -134.99030933393644        4.9982170367742178     
  -1.0800000000000001        4.9641477539532290E-002  -133.76312470362791        4.9077534391664841     
  -1.0700000000000001        4.8726446875009016E-002  -132.53594007331941        4.8181159931350797     
  -1.0600000000000001        4.7819928123644106E-002  -131.30875544301088        4.7293046986800000     
  -1.0500000000000000        4.6921921285437540E-002  -130.08157081270238        4.6413195558012479     
  -1.0400000000000000        4.6032426360389338E-002  -128.85438618239385        4.5541605644988206     
  -1.0300000000000000        4.5151443348499486E-002  -127.62720155208535        4.4678277247727207     
  -1.0200000000000000        4.4278972249767998E-002  -126.40001692177684        4.3823210366229475     
  -1.0100000000000000        4.3415013064194860E-002  -125.17283229146832        4.2976405000494990     
  -1.0000000000000000        4.2559565791780080E-002  -123.94564766115981        4.2137861150523781     
 -0.98999999999999999        4.1712630432523656E-002  -122.71846303085130        4.1307578816315837     
 -0.97999999999999998        4.0874206986425583E-002  -121.49127840054278        4.0485557997871151     
 -0.96999999999999997        4.0044295453485874E-002  -120.26409377023427        3.9671798695189731     
 -0.95999999999999996        3.9222895833704523E-002  -119.03690913992575        3.8866300908271567     
 -0.95000000000000007        3.8410008127081528E-002  -117.80972450961724        3.8069064637116670     
 -0.94000000000000006        3.7605632333616884E-002  -116.58253987930874        3.7280089881725043     
 -0.93000000000000005        3.6809768453310597E-002  -115.35535524900023        3.6499376642096677     
 -0.92000000000000004        3.6022416486162660E-002  -114.12817061869171        3.5726924918231573     
 -0.91000000000000003        3.5243576432173088E-002  -112.90098598838320        3.4962734710129726     
 -0.90000000000000002        3.4473248291341865E-002  -111.67380135807468        3.4206806017791145     
 -0.89000000000000001        3.3711432063669000E-002  -110.44661672776617        3.3459138841215830     
 -0.88000000000000000        3.2958127749154492E-002  -109.21943209745766        3.2719733180403776     
 -0.87000000000000000        3.2213335347798341E-002  -107.99224746714914        3.1988589035354984     
 -0.85999999999999999        3.1477054859600541E-002  -106.76506283684063        3.1265706406069453     
 -0.84999999999999998        3.0749286284561105E-002  -105.53787820653211        3.0551085292547193     
 -0.83999999999999997        3.0030029622680018E-002  -104.31069357622360        2.9844725694788190     
 -0.83000000000000007        2.9319284873957300E-002  -103.08350894591509        2.9146627612792453     
 -0.82000000000000006        2.8617052038392932E-002  -101.85632431560659        2.8456791046559982     
 -0.81000000000000005        2.7923331115986917E-002  -100.62913968529807        2.7775215996090772     
 -0.80000000000000004        2.7238122106739256E-002  -99.401955054989557        2.7101902461384824     
 -0.79000000000000004        2.6561425010649953E-002  -98.174770424681043        2.6436850442442137     
 -0.78000000000000003        2.5893239827719003E-002  -96.947585794372529        2.5780059939262716     
 -0.77000000000000002        2.5233566557946407E-002  -95.720401164064015        2.5131530951846557     
 -0.76000000000000001        2.4582405201332175E-002  -94.493216533755501        2.4491263480193664     
 -0.75000000000000000        2.3939755757876297E-002  -93.266031903446986        2.3859257524304027     
 -0.73999999999999999        2.3305618227578772E-002  -92.038847273138472        2.3235513084177657     
 -0.72999999999999998        2.2679992610439601E-002  -90.811662642829958        2.2620030159814553     
 -0.71999999999999997        2.2062878906458791E-002  -89.584478012521444        2.2012808751214710     
 -0.70999999999999996        2.1454277115636338E-002  -88.357293382212930        2.1413848858378128     
 -0.70000000000000007        2.0854187237972242E-002  -87.130108751904416        2.0823150481304809     
 -0.69000000000000006        2.0262609273466500E-002  -85.902924121595916        2.0240713619994763     
 -0.68000000000000005        1.9679543222119112E-002  -84.675739491287402        1.9666538274447971     
 -0.67000000000000004        1.9104989083930081E-002  -83.448554860978888        1.9100624444664445     
 -0.66000000000000003        1.8538946858899404E-002  -82.221370230670374        1.8542972130644182     
 -0.65000000000000002        1.7981416547027087E-002  -80.994185600361860        1.7993581332387178     
 -0.64000000000000001        1.7432398148313120E-002  -79.767000970053346        1.7452452049893443     
 -0.63000000000000000        1.6891891662757515E-002  -78.539816339744831        1.6919584283162967     
 -0.62000000000000000        1.6359897090360263E-002  -77.312631709436317        1.6394978032195755     
 -0.60999999999999999        1.5836414431121368E-002  -76.085447079127803        1.5878633296991806     
 -0.59999999999999998        1.5321443685040828E-002  -74.858262448819289        1.5370550077551122     
 -0.58999999999999997        1.4814984852118645E-002  -73.631077818510775        1.4870728373873698     
 -0.57999999999999996        1.4317037932354818E-002  -72.403893188202261        1.4379168185959541     
 -0.57000000000000006        1.3827602925749352E-002  -71.176708557893747        1.3895869513808645     
 -0.56000000000000005        1.3346679832302234E-002  -69.949523927585247        1.3420832357421018     
 -0.55000000000000004        1.2874268652013476E-002  -68.722339297276733        1.2954056716796647     
 -0.54000000000000004        1.2410369384883073E-002  -67.495154666968219        1.2495542591935545     
 -0.53000000000000003        1.1954982030911027E-002  -66.267970036659705        1.2045289982837699     
 -0.52000000000000002        1.1508106590097334E-002  -65.040785406351191        1.1603298889503120     
 -0.51000000000000001        1.1069743062441999E-002  -63.813600776042676        1.1169569311931802     
 -0.50000000000000000        1.0639891447945020E-002  -62.586416145734162        1.0744101250123748     
 -0.48999999999999999        1.0218551746606396E-002  -61.359231515425648        1.0326894704078959     
 -0.47999999999999998        9.8057239584261307E-003  -60.132046885117134       0.99179496737974326     
 -0.47000000000000003        9.4014080834042210E-003  -58.904862254808620       0.95172661592791674     
 -0.46000000000000002        9.0056041215406651E-003  -57.677677624500113       0.91248441605241692     
 -0.45000000000000001        8.6183120728354663E-003  -56.450492994191599       0.87406836775324315     
 -0.44000000000000000        8.2395319372886230E-003  -55.223308363883085       0.83647847103039574     
 -0.42999999999999999        7.8692637149001352E-003  -53.996123733574571       0.79971472588387460     
 -0.41999999999999998        7.5075074056700046E-003  -52.768939103266057       0.76377713231367983     
 -0.41000000000000003        7.1542630095982329E-003  -51.541754472957543       0.72866569031981132     
 -0.40000000000000002        6.8095305266848141E-003  -50.314569842649036       0.69438039990226930     
 -0.39000000000000001        6.4733099569297507E-003  -49.087385212340521       0.66092126106105342     
 -0.38000000000000000        6.1456013003330437E-003  -47.860200582032007       0.62828827379616392     
 -0.37000000000000000        5.8264045568946930E-003  -46.633015951723493       0.59648143810760068     
 -0.35999999999999999        5.5157197266146978E-003  -45.405831321414979       0.56550075399536381     
 -0.35000000000000003        5.2135468094930606E-003  -44.178646691106465       0.53534622145945321     
 -0.34000000000000002        4.9198858055297780E-003  -42.951462060797958       0.50601784049986909     
 -0.33000000000000002        4.6347367147248509E-003  -41.724277430489444       0.47751561111661112     
 -0.32000000000000001        4.3580995370782801E-003  -40.497092800180930       0.44983953330967946     
 -0.31000000000000000        4.0899742725900657E-003  -39.269908169872416       0.42298960707907418     
 -0.29999999999999999        3.8303609212602071E-003  -38.042723539563902       0.39696583242479516     
 -0.28999999999999998        3.5792594830887045E-003  -36.815538909255388       0.37176820934684246     
 -0.28000000000000003        3.3366699580755586E-003  -35.588354278946873       0.34739673784521613     
 -0.27000000000000002        3.1025923462207681E-003  -34.361169648638366       0.32385141791991617     
 -0.26000000000000001        2.8770266475243336E-003  -33.133985018329852       0.30113224957094248     
 -0.25000000000000000        2.6599728619862550E-003  -31.906800388021338       0.27923923279829505     
 -0.23999999999999999        2.4514309896065327E-003  -30.679615757712824       0.25817236760197398     
 -0.23000000000000001        2.2514010303851663E-003  -29.452431127404310       0.23793165398197919     
 -0.22000000000000000        2.0598829843221558E-003  -28.225246497095799       0.21851709193831079     
 -0.20999999999999999        1.8768768514175012E-003  -26.998061866787285       0.19992868147096865     
 -0.20000000000000001        1.7023826316712035E-003  -25.770877236478771       0.18216642257995283     
 -0.19000000000000000        1.5364003250832609E-003  -24.543692606170261       0.16523031526526336     
 -0.17999999999999999        1.3789299316536744E-003  -23.316507975861747       0.14912035952690017     
 -0.17000000000000001        1.2299714513824445E-003  -22.089323345553233       0.13383655536486330     
 -0.16000000000000000        1.0895248842695700E-003  -20.862138715244722       0.11937890277915278     
 -0.14999999999999999        9.5759023031505178E-004  -19.634954084936208       0.10574740176976855     
 -0.14000000000000001        8.3416748951888964E-004  -18.407769454627694        9.2942052336710615E-002
 -0.13000000000000000        7.1925666188108340E-004  -17.180584824319183        8.0962854479979043E-002
 -0.12000000000000000        6.1285774740163317E-004  -15.953400194010669        6.9809808199573761E-002
 -0.11000000000000000        5.1497074608053894E-004  -14.726215563702155        5.9482913495494796E-002
 -0.10000000000000001        4.2559565791780088E-004  -13.499030933393643        4.9982170367742162E-002
  -8.9999999999999997E-002   3.4473248291341861E-004  -12.271846303085130        4.1307578816315839E-002
  -8.0000000000000002E-002   2.7238122106739251E-004  -11.044661672776616        3.3459138841215826E-002
  -7.0000000000000007E-002   2.0854187237972241E-004  -9.8174770424681039        2.6436850442442136E-002
  -5.9999999999999998E-002   1.5321443685040829E-004  -8.5902924121595916        2.0240713619994761E-002
  -5.0000000000000003E-002   1.0639891447945022E-004  -7.3631077818510775        1.4870728373873699E-002
  -4.0000000000000001E-002   6.8095305266848127E-005  -6.1359231515425652        1.0326894704078960E-002
  -2.9999999999999999E-002   3.8303609212602073E-005  -4.9087385212340520        6.6092126106105341E-003
  -2.0000000000000000E-002   1.7023826316712032E-005  -3.6815538909255388        3.7176820934684248E-003
  -1.0000000000000000E-002   4.2559565791780079E-006  -2.4543692606170260        1.6523031526526335E-003
   0.0000000000000000        0.0000000000000000       -1.2271846303085130        4.1307578816315838E-004
   1.0000000000000000E-002   4.2559565791780079E-006   0.0000000000000000        0.0000000000000000     
   2.0000000000000000E-002   1.7023826316712032E-005   1.2271846303085130        4.1307578816315838E-004
   2.9999999999999999E-002   3.8303609212602073E-005   2.4543692606170260        1.6523031526526335E-003
   4.0000000000000001E-002   6.8095305266848127E-005   3.6815538909255388        3.7176820934684248E-003
   5.0000000000000003E-002   1.0639891447945022E-004   4.9087385212340520        6.6092126106105341E-003
   5.9999999999999998E-002   1.5321443685040829E-004   6.1359231515425652        1.0326894704078960E-002
   7.0000000000000007E-002   2.0854187237972241E-004   7.3631077818510775        1.4870728373873699E-002
   8.0000000000000002E-002   2.7238122106739251E-004   8.5902924121595916        2.0240713619994761E-002
   8.9999999999999997E-002   3.4473248291341861E-004   9.8174770424681039        2.6436850442442136E-002
  0.10000000000000001        4.2559565791780088E-004   11.044661672776616        3.3459138841215826E-002
  0.11000000000000000        5.1497074608053894E-004   12.271846303085130        4.1307578816315839E-002
  0.12000000000000000        6.1285774740163317E-004   13.499030933393643        4.9982170367742162E-002
  0.13000000000000000        7.1925666188108340E-004   14.726215563702155        5.9482913495494796E-002
  0.14000000000000001        8.3416748951888964E-004   15.953400194010669        6.9809808199573761E-002
  0.14999999999999999        9.5759023031505178E-004   17.180584824319183        8.0962854479979043E-002
  0.16000000000000000        1.0895248842695700E-003   18.407769454627694        9.2942052336710615E-002
  0.17000000000000001        1.2299714513824445E-003   19.634954084936208       0.10574740176976855     
  0.17999999999999999        1.3789299316536744E-003   20.862138715244722       0.11937890277915278     
  0.19000000000000000        1.5364003250832609E-003   22.089323345553233       0.13383655536486330     
  0.20000000000000001        1.7023826316712035E-003   23.316507975861747       0.14912035952690017     
  0.20999999999999999        1.8768768514175012E-003   24.543692606170261       0.16523031526526336     
  0.22000000000000000        2.0598829843221558E-003   25.770877236478771       0.18216642257995283     
  0.23000000000000001        2.2514010303851663E-003   26.998061866787285       0.19992868147096865     
  0.23999999999999999        2.4514309896065327E-003   28.225246497095799       0.21851709193831079     
  0.25000000000000000        2.6599728619862550E-003   29.452431127404310       0.23793165398197919     
  0.26000000000000001        2.8770266475243336E-003   30.679615757712824       0.25817236760197398     
  0.27000000000000002        3.1025923462207681E-003   31.906800388021338       0.27923923279829505     
  0.28000000000000003        3.3366699580755586E-003   33.133985018329852       0.30113224957094248     
  0.28999999999999998        3.5792594830887045E-003   34.361169648638366       0.32385141791991617     
  0.29999999999999999        3.8303609212602071E-003   35.588354278946873       0.34739673784521613     
  0.31000000000000000        4.0899742725900657E-003   36.815538909255388       0.37176820934684246     
  0.32000000000000001        4.3580995370782801E-003   38.042723539563902       0.39696583242479516     
  0.33000000000000002        4.6347367147248509E-003   39.269908169872416       0.42298960707907418     
  0.34000000000000002        4.9198858055297780E-003   40.497092800180930       0.44983953330967946     
  0.35000000000000003        5.2135468094930606E-003   41.724277430489444       0.47751561111661112     
  0.35999999999999999        5.5157197266146978E-003   42.951462060797958       0.50601784049986909     
  0.37000000000000000        5.8264045568946930E-003   44.178646691106465       0.53534622145945321     
  0.38000000000000000        6.1456013003330437E-003   45.405831321414979       0.56550075399536381     
  0.39000000000000001        6.4733099569297507E-003   46.633015951723493       0.59648143810760068     
  0.40000000000000002        6.8095305266848141E-003   47.860200582032007       0.62828827379616392     
  0.41000000000000003        7.1542630095982329E-003   49.087385212340521       0.66092126106105342     
  0.41999999999999998        7.5075074056700046E-003   50.314569842649036       0.69438039990226930     
  0.42999999999999999        7.8692637149001352E-003   51.541754472957543       0.72866569031981132     
  0.44000000000000000        8.2395319372886230E-003   52.768939103266057       0.76377713231367983     
  0.45000000000000001        8.6183120728354663E-003   53.996123733574571       0.79971472588387460     
  0.46000000000000002        9.0056041215406651E-003   55.223308363883085       0.83647847103039574     
  0.47000000000000003        9.4014080834042210E-003   56.450492994191599       0.87406836775324315     
  0.47999999999999998        9.8057239584261307E-003   57.677677624500113       0.91248441605241692     
  0.48999999999999999        1.0218551746606396E-002   58.904862254808620       0.95172661592791674     
  0.50000000000000000        1.0639891447945020E-002   60.132046885117134       0.99179496737974326     
  0.51000000000000001        1.1069743062441999E-002   61.359231515425648        1.0326894704078959     
  0.52000000000000002        1.1508106590097334E-002   62.586416145734162        1.0744101250123748     
  0.53000000000000003        1.1954982030911027E-002   63.813600776042676        1.1169569311931802     
  0.54000000000000004        1.2410369384883073E-002   65.040785406351191        1.1603298889503120     
  0.55000000000000004        1.2874268652013476E-002   66.267970036659705        1.2045289982837699     
  0.56000000000000005        1.3346679832302234E-002   67.495154666968219        1.2495542591935545     
  0.57000000000000006        1.3827602925749352E-002   68.722339297276733        1.2954056716796647     
  0.57999999999999996        1.4317037932354818E-002   69.949523927585247        1.3420832357421018     
  0.58999999999999997        1.4814984852118645E-002   71.176708557893747        1.3895869513808645     
  0.59999999999999998        1.5321443685040828E-002   72.403893188202261        1.4379168185959541     
  0.60999999999999999        1.5836414431121368E-002   73.631077818510775        1.4870728373873698     
  0.62000000000000000        1.6359897090360263E-002   74.858262448819289        1.5370550077551122     
  0.63000000000000000        1.6891891662757515E-002   76.085447079127803        1.5878633296991806     
  0.64000000000000001        1.7432398148313120E-002   77.312631709436317        1.6394978032195755     
  0.65000000000000002        1.7981416547027087E-002   78.539816339744831        1.6919584283162967     
  0.66000000000000003        1.8538946858899404E-002   79.767000970053346        1.7452452049893443     
  0.67000000000000004        1.9104989083930081E-002   80.994185600361860        1.7993581332387178     
  0.68000000000000005        1.9679543222119112E-002   82.221370230670374        1.8542972130644182     
  0.69000000000000006        2.0262609273466500E-002   83.448554860978888        1.9100624444664445     
  0.70000000000000007        2.0854187237972242E-002   84.675739491287402        1.9666538274447971     
  0.70999999999999996        2.1454277115636338E-002   85.902924121595916        2.0240713619994763     
  0.71999999999999997        2.2062878906458791E-002   87.130108751904416        2.0823150481304809     
  0.72999999999999998        2.2679992610439601E-002   88.357293382212930        2.1413848858378128     
  0.73999999999999999        2.3305618227578772E-002   89.584478012521444        2.2012808751214710     
  0.75000000000000000        2.3939755757876297E-002   90.811662642829958        2.2620030159814553     
  0.76000000000000001        2.4582405201332175E-002   92.038847273138472        2.3235513084177657     
  0.77000000000000002        2.5233566557946407E-002   93.266031903446986        2.3859257524304027     
  0.78000000000000003        2.5893239827719003E-002   94.493216533755501        2.4491263480193664     
  0.79000000000000004        2.6561425010649953E-002   95.720401164064015        2.5131530951846557     
  0.80000000000000004        2.7238122106739256E-002   96.947585794372529        2.5780059939262716     
  0.81000000000000005        2.7923331115986917E-002   98.174770424681043        2.6436850442442137     
  0.82000000000000006        2.8617052038392932E-002   99.401955054989557        2.7101902461384824     
  0.83000000000000007        2.9319284873957300E-002   100.62913968529807        2.7775215996090772     
  0.83999999999999997        3.0030029622680018E-002   101.85632431560659        2.8456791046559982     
  0.84999999999999998        3.0749286284561105E-002   103.08350894591509        2.9146627612792453     
  0.85999999999999999        3.1477054859600541E-002   104.31069357622360        2.9844725694788190     
  0.87000000000000000        3.2213335347798341E-002   105.53787820653211        3.0551085292547193     
  0.88000000000000000        3.2958127749154492E-002   106.76506283684063        3.1265706406069453     
  0.89000000000000001        3.3711432063669000E-002   107.99224746714914        3.1988589035354984     
  0.90000000000000002        3.4473248291341865E-002   109.21943209745766        3.2719733180403776     
  0.91000000000000003        3.5243576432173088E-002   110.44661672776617        3.3459138841215830     
  0.92000000000000004        3.6022416486162660E-002   111.67380135807468        3.4206806017791145     
  0.93000000000000005        3.6809768453310597E-002   112.90098598838320        3.4962734710129726     
  0.94000000000000006        3.7605632333616884E-002   114.12817061869171        3.5726924918231573     
  0.95000000000000007        3.8410008127081528E-002   115.35535524900023        3.6499376642096677     
  0.95999999999999996        3.9222895833704523E-002   116.58253987930874        3.7280089881725043     
  0.96999999999999997        4.0044295453485874E-002   117.80972450961724        3.8069064637116670     
  0.97999999999999998        4.0874206986425583E-002   119.03690913992575        3.8866300908271567     
  0.98999999999999999        4.1712630432523656E-002   120.26409377023427        3.9671798695189731     
   1.0000000000000000        4.2559565791780080E-002   121.49127840054278        4.0485557997871151     
   1.0100000000000000        4.3415013064194860E-002   122.71846303085130        4.1307578816315837     
   1.0200000000000000        4.4278972249767998E-002   123.94564766115981        4.2137861150523781     
   1.0300000000000000        4.5151443348499486E-002   125.17283229146832        4.2976405000494990     
   1.0400000000000000        4.6032426360389338E-002   126.40001692177684        4.3823210366229475     
   1.0500000000000000        4.6921921285437540E-002   127.62720155208535        4.4678277247727207     
   1.0600000000000001        4.7819928123644106E-002   128.85438618239385        4.5541605644988206     
   1.0700000000000001        4.8726446875009016E-002   130.08157081270238        4.6413195558012479     
   1.0800000000000001        4.9641477539532290E-002   131.30875544301088        4.7293046986800000     
   1.0900000000000001        5.0565020117213921E-002   132.53594007331941        4.8181159931350797     
   1.1000000000000001        5.1497074608053903E-002   133.76312470362791        4.9077534391664841     
   1.1100000000000001        5.2437641012052241E-002   134.99030933393644        4.9982170367742178     
   1.1200000000000001        5.3386719329208937E-002   136.21749396424494        5.0895067859582737     
   1.1300000000000001        5.4344309559523997E-002   137.44467859455347        5.1816226867186588     
   1.1400000000000001        5.5310411702997407E-002   138.67186322486197        5.2745647390553696     
   1.1500000000000001        5.6285025759629168E-002   139.89904785517049        5.3683329429684070     
   1.1599999999999999        5.7268151729419271E-002   141.12623248547899        5.4629272984577693     
   1.1699999999999999        5.8259789612367739E-002   142.35341711578749        5.5583478055234581     
   1.1799999999999999        5.9259939408474578E-002   143.58060174609602        5.6545944641654753     
   1.1899999999999999        6.0268601117739767E-002   144.80778637640452        5.7516672743838164     
   1.2000000000000000        6.1285774740163314E-002   146.03497100671305        5.8495662361784859     
   1.2100000000000000        6.2311460275745210E-002   147.26215563702155        5.9482913495494794     
   1.2200000000000000        6.3345657724485471E-002   148.48934026733008        6.0478426144968029     
   1.2300000000000000        6.4388367086384082E-002   149.71652489763858        6.1482200310204487     
   1.2400000000000000        6.5439588361441051E-002   150.94370952794711        6.2494235991204237     
   1.2500000000000000        6.6499321549656376E-002   152.17089415825561        6.3514533187967226     
   1.2600000000000000        6.7567566651030059E-002   153.39807878856413        6.4543091900493508     
   1.2700000000000000        6.8644323665562085E-002   154.62526341887263        6.5579912128783020     
   1.2800000000000000        6.9729592593252482E-002   155.85244804918116        6.6624993872835825     
   1.2900000000000000        7.0823373434101236E-002   157.07963267948966        6.7678337132651869     
   1.3000000000000000        7.1925666188108348E-002   158.30681730979816        6.8739941908231170     
   1.3100000000000001        7.3036470855273802E-002   159.53400194010669        6.9809808199573773     
   1.3200000000000001        7.4155787435597614E-002   160.76118657041519        7.0887936006679597     
   1.3300000000000001        7.5283615929079784E-002   161.98837120072372        7.1974325329548714     
   1.3400000000000001        7.6419956335720324E-002   163.21555583103222        7.3068976168181079     
   1.3500000000000001        7.7564808655519207E-002   164.44274046134075        7.4171888522576728     
   1.3600000000000001        7.8718172888476448E-002   165.66992509164925        7.5283062392735607     
   1.3700000000000001        7.9880049034592046E-002   166.89710972195778        7.6402497778657779     
   1.3800000000000001        8.1050437093866001E-002   168.12429435226628        7.7530194680343190     
   1.3900000000000001        8.2229337066298314E-002   169.35147898257480        7.8666153097791884     
   1.4000000000000001        8.3416748951888969E-002   170.57866361288330        7.9810373031003827     
   1.4099999999999999        8.4612672750637968E-002   171.80584824319183        8.0962854479979054     
   1.4199999999999999        8.5817108462545352E-002   173.03303287350033        8.2123597444717511     
   1.4299999999999999        8.7030056087611080E-002   174.26021750380883        8.3292601925219234     
   1.4399999999999999        8.8251515625835164E-002   175.48740213411736        8.4469867921484258     
   1.4500000000000000        8.9481487077217620E-002   176.71458676442586        8.5655395433512513     
   1.4600000000000000        9.0719970441758405E-002   177.94177139473439        8.6849184461304052     
   1.4700000000000000        9.1966965719457561E-002   179.16895602504289        8.8051235004858839     
   1.4800000000000000        9.3222472910315088E-002   180.39614065535142        8.9261547064176909     
   1.4900000000000000        9.4486492014330958E-002   181.62332528565992        9.0480120639258210     
   1.5000000000000000        9.5759023031505186E-002   182.85050991596844        9.1706955730102795     
   1.5100000000000000        9.7040065961837757E-002   184.07769454627694        9.2942052336710628     
   1.5200000000000000        9.8329620805328699E-002   185.30487917658547        9.4185410459081744     
   1.5300000000000000        9.9627687561977984E-002   186.53206380689397        9.5437030097216109     
   1.5400000000000000       0.10093426623178563        187.75924843720250        9.6696911251113757     
   1.5500000000000000       0.10224935681475165        188.98643306751100        9.7965053920774654     
   1.5600000000000001       0.10357295931087601        190.21361769781950        9.9241458106198781     
   1.5700000000000001       0.10490507372015873        191.44080232812803        10.052612380738623     
   1.5800000000000001       0.10624570004259981        192.66798695843653        10.181905102433690     
   1.5900000000000001       0.10759483827819923        193.89517158874506        10.312023975705086     
   1.6000000000000001       0.10895248842695703        195.12235621905356        10.442969000552806     
   1.6100000000000001       0.11031865048887315        196.34954084936209        10.574740176976855     
   1.6200000000000001       0.11169332446394767        197.57672547967059        10.707337504977229     
   1.6300000000000001       0.11307651035218050        198.80391010997911        10.840760984553929     
   1.6400000000000001       0.11446820815357173        200.03109474028761        10.975010615706955     
   1.6500000000000001       0.11586841786812130        201.25827937059614        11.110086398436309     
   1.6600000000000001       0.11727713949582920        202.48546400090464        11.245988332741987     
   1.6699999999999999       0.11869437303669546        203.71264863121317        11.382716418623993     
   1.6799999999999999       0.12012011849072007        204.93983326152167        11.520270656082324     
   1.6899999999999999       0.12155437585790307        206.16701789183017        11.658651045116981     
   1.7000000000000000       0.12299714513824442        207.39420252213870        11.797857585727968     
   1.7100000000000000       0.12444842633174412        208.62138715244720        11.937890277915276     
   1.7200000000000000       0.12590821943840216        209.84857178275573        12.078749121678916     
   1.7300000000000000       0.12737652445821859        211.07575641306423        12.220434117018877     
   1.7400000000000000       0.12885334139119337        212.30294104337275        12.362945263935169     
   1.7500000000000000       0.13033867023732648        213.53012567368125        12.506282562427781     
   1.7600000000000000       0.13183251099661797        214.75731030398978        12.650446012496726     
   1.7700000000000000       0.13333486366906783        215.98449493429828        12.795435614141994     
   1.7800000000000000       0.13484572825467600        217.21167956460681        12.941251367363590     
   1.7900000000000000       0.13636510475344255        218.43886419491531        13.087893272161510     
   1.8000000000000000       0.13789299316536746        219.66604882522384        13.235361328535760     
   1.8100000000000001       0.13942939349045072        220.89323345553234        13.383655536486332     
   1.8200000000000001       0.14097430572869235        222.12041808584084        13.532775896013231     
   1.8300000000000001       0.14252772988009232        223.34760271614937        13.682722407116458     
   1.8400000000000001       0.14408966594465064        224.57478734645787        13.833495069796010     
   1.8500000000000001       0.14566011392236733        225.80197197676640        13.985093884051890     
   1.8600000000000001       0.14723907381324239        227.02915660707490        14.137518849884094     
   1.8700000000000001       0.14882654561727579        228.25634123738342        14.290769967292629     
   1.8800000000000001       0.15042252933446754        229.48352586769192        14.444847236277484     
   1.8900000000000001       0.15202702496481763        230.71071049800045        14.599750656838671     
   1.9000000000000001       0.15364003250832611        231.93789512830895        14.755480228976179     
   1.9100000000000001       0.15526155196499292        233.16507975861748        14.912035952690017     
   1.9199999999999999       0.15689158333481809        234.39226438892598        15.069417827980180     
   1.9299999999999999       0.15853012661780161        235.61944901923448        15.227625854846668     
   1.9399999999999999       0.16017718181394350        236.84663364954301        15.386660033289488     
   1.9500000000000000       0.16183274892324373        238.07381827985151        15.546520363308627     
   1.9600000000000000       0.16349682794570233        239.30100291016004        15.707206844904098     
   1.9700000000000000       0.16516941888131931        240.52818754046854        15.868719478075892     
   1.9800000000000000       0.16685052173009463        241.75537217077706        16.031058262824015     
   1.9900000000000000       0.16854013649202831        242.98255680108556        16.194223199148460     
   2.0000000000000000       0.17023826316712032        244.20974143139409        16.358214287049236     
   2.0100000000000002       0.17194490175537072        245.43692606170259        16.523031526526335     
   2.0200000000000000       0.17366005225677944        246.66411069201112        16.688674917579764     
   2.0300000000000002       0.17538371467134656        247.89129532231962        16.855144460209512     
   2.0400000000000000       0.17711588899907199        249.11847995262815        17.022440154415595     
   2.0499999999999998       0.17885657523995577        250.34566458293665        17.190562000197996     
   2.0600000000000001       0.18060577339399794        251.57284921324515        17.359509997556728     
   2.0699999999999998       0.18236348346119843        252.80003384355368        17.529284146491790     
   2.0800000000000001       0.18412970544155735        254.02721847386218        17.699884447003171     
   2.0899999999999999       0.18590443933507453        255.25440310417071        17.871310899090883     
   2.1000000000000001       0.18768768514175016        256.48158773447921        18.043563502754917     
   2.1099999999999999       0.18947944286158408        257.70877236478771        18.216642257995282     
   2.1200000000000001       0.19127971249457643        258.93595699509626        18.390547164811974     
   2.1299999999999999       0.19308849404072700        260.16314162540476        18.565278223204992     
   2.1400000000000001       0.19490578750003607        261.39032625571326        18.740835433174333     
   2.1499999999999999       0.19673159287250341        262.61751088602176        18.917218794720000     
   2.1600000000000001       0.19856591015812916        263.84469551633032        19.094428307841998     
   2.1699999999999999       0.20040873935691322        265.07188014663882        19.272463972540319     
   2.1800000000000002       0.20226008046885569        266.29906477694732        19.451325788814966     
   2.1899999999999999       0.20411993349395643        267.52624940725582        19.631013756665936     
   2.2000000000000002       0.20598829843221561        268.75343403756432        19.811527876093233     
   2.2100000000000000       0.20786517528363310        269.98061866787287        19.992868147096871     
   2.2200000000000002       0.20975056404820897        271.20780329818137        20.175034569676818     
   2.2300000000000000       0.21164446472594317        272.43498792848987        20.358027143833095     
   2.2400000000000002       0.21354687731683575        273.66217255879837        20.541845869565698     
   2.2500000000000000       0.21545780182088664        274.88935718910693        20.726490746874635     
   2.2600000000000002       0.21737723823809599        276.11654181941543        20.911961775759892     
   2.2700000000000000       0.21930518656846357        277.34372644972393        21.098258956221478     
   2.2800000000000002       0.22124164681198963        278.57091108003243        21.285382288259385     
   2.2900000000000000       0.22318661896867392        279.79809571034099        21.473331771873628     
   2.3000000000000003       0.22514010303851667        281.02528034064949        21.662107407064191     
   2.3100000000000001       0.22710209902151768        282.25246497095799        21.851709193831077     
   2.3199999999999998       0.22907260691767709        283.47964960126649        22.042137132174290     
   2.3300000000000001       0.23105162672699489        284.70683423157499        22.233391222093832     
   2.3399999999999999       0.23303915844947096        285.93401886188354        22.425471463589709     
   2.3500000000000001       0.23503520208510553        287.16120349219204        22.618377856661901     
   2.3599999999999999       0.23703975763389831        288.38838812250054        22.812110401310420     
   2.3700000000000001       0.23905282509584955        289.61557275280904        23.006669097535266     
   2.3799999999999999       0.24107440447095907        290.84275738311760        23.202053945336448     
   2.3900000000000001       0.24310449575922702        292.06994201342610        23.398264944713944     
   2.3999999999999999       0.24514309896065326        293.29712664373460        23.595302095667769     
   2.4100000000000001       0.24719021407523789        294.52431127404310        23.793165398197917     
   2.4199999999999999       0.24924584110298084        295.75149590435166        23.991854852304407     
   2.4300000000000002       0.25130998004388222        296.97868053466016        24.191370457987212     
   2.4399999999999999       0.25338263089794189        298.20586516496866        24.391712215246340     
   2.4500000000000002       0.25546379366515998        299.43304979527716        24.592880124081795     
   2.4600000000000000       0.25755346834553633        300.66023442558566        24.794874184493576     
   2.4700000000000002       0.25965165493907111        301.88741905589421        24.997694396481695     
   2.4800000000000000       0.26175835344576420        303.11460368620271        25.201340760046129     
   2.4900000000000002       0.26387356386561572        304.34178831651121        25.405813275186890     
   2.5000000000000000       0.26599728619862550        305.56897294681971        25.611111941903982     
   2.5100000000000002       0.26812952044479371        306.79615757712827        25.817236760197403     
   2.5200000000000000       0.27027026660412024        308.02334220743677        26.024187730067144     
   2.5300000000000002       0.27241952467660513        309.25052683774527        26.231964851513208     
   2.5400000000000000       0.27457729466224834        310.47771146805377        26.440568124535599     
   2.5500000000000003       0.27674357656105003        311.70489609836233        26.649997549134330     
   2.5600000000000001       0.27891837037300993        312.93208072867083        26.860253125309377     
