  -2.5548800000000003        9.7993935645901792E-034   0.0000000000000000     
  -2.5497600000000000        1.4304928453656646E-033   0.0000000000000000     
  -2.5446400000000002        2.0862306814344182E-033   0.0000000000000000     
  -2.5395200000000000        3.0396887387394426E-033   0.0000000000000000     
  -2.5344000000000002        4.4247226069654005E-033   0.0000000000000000     
  -2.5292800000000004        6.4347715393895610E-033   0.0000000000000000     
  -2.5241600000000002        9.3491120231406334E-033   0.0000000000000000     
  -2.5190400000000004        1.3570559179067365E-032   0.0000000000000000     
  -2.5139200000000002        1.9679554882388414E-032   0.0000000000000000     
  -2.5088000000000004        2.8511689150044511E-032   0.0000000000000000     
  -2.5036800000000001        4.1268698440620497E-032   0.0000000000000000     
  -2.4985600000000003        5.9677242138007777E-032   0.0000000000000000     
  -2.4934400000000001        8.6215800729963118E-032   0.0000000000000000     
  -2.4883200000000003        1.2443860548016829E-031   0.0000000000000000     
  -2.4832000000000001        1.7943764192116106E-031   0.0000000000000000     
  -2.4780800000000003        2.5850093568251197E-031   0.0000000000000000     
  -2.4729600000000000        3.7204959303713506E-031   0.0000000000000000     
  -2.4678400000000003        5.3497033031523167E-031   0.0000000000000000     
  -2.4627200000000000        7.6850855700683858E-031   0.0000000000000000     
  -2.4576000000000002        1.1029551855240531E-030   0.0000000000000000     
  -2.4524800000000000        1.5814562228795314E-030   0.0000000000000000     
  -2.4473600000000002        2.2654090462968884E-030   0.0000000000000000     
  -2.4422400000000004        3.2420987194558444E-030   0.0000000000000000     
  -2.4371200000000002        4.6354936148648426E-030   0.0000000000000000     
  -2.4320000000000004        6.6214924477628638E-030   0.0000000000000000     
  -2.4268800000000001        9.4494370719106733E-030   0.0000000000000000     
  -2.4217600000000004        1.3472436170084580E-029   0.0000000000000000     
  -2.4166400000000001        1.9190066531879151E-029   0.0000000000000000     
  -2.4115200000000003        2.7308445207736529E-029   0.0000000000000000     
  -2.4064000000000001        3.8824656042563683E-029   0.0000000000000000     
  -2.4012800000000003        5.5145287794963785E-029   0.0000000000000000     
  -2.3961600000000001        7.8252702770462552E-029   0.0000000000000000     
  -2.3910400000000003        1.1093802599494116E-028   0.0000000000000000     
  -2.3859200000000000        1.5712730782353243E-028   0.0000000000000000     
  -2.3808000000000002        2.2233767167124168E-028   0.0000000000000000     
  -2.3756800000000000        3.1431462246178767E-028   0.0000000000000000     
  -2.3705600000000002        4.4392158879416765E-028   0.0000000000000000     
  -2.3654400000000000        6.2638030650954995E-028   0.0000000000000000     
  -2.3603200000000002        8.8299871613429608E-028   0.0000000000000000     
  -2.3552000000000004        1.2435756152785264E-027   0.0000000000000000     
  -2.3500800000000002        1.7497438322326112E-027   0.0000000000000000     
  -2.3449600000000004        2.4596136432964561E-027   0.0000000000000000     
  -2.3398400000000001        3.4542157792069403E-027   0.0000000000000000     
  -2.3347200000000004        4.8464326568415834E-027   0.0000000000000000     
  -2.3296000000000001        6.7933665644499320E-027   0.0000000000000000     
  -2.3244800000000003        9.5134505407824365E-027   0.0000000000000000     
  -2.3193600000000001        1.3310097238319880E-026   0.0000000000000000     
  -2.3142400000000003        1.8604351668733439E-026   0.0000000000000000     
  -2.3091200000000001        2.5979931423198774E-026   0.0000000000000000     
  -2.3040000000000003        3.6245292501461112E-026   0.0000000000000000     
  -2.2988800000000000        5.0519072166128926E-026   0.0000000000000000     
  -2.2937600000000002        7.0347597622205273E-026   0.0000000000000000     
  -2.2886400000000000        9.7866334895997547E-026   0.0000000000000000     
  -2.2835200000000002        1.3602148941242643E-025   0.0000000000000000     
  -2.2784000000000000        1.8887386868866447E-025   0.0000000000000000     
  -2.2732800000000002        2.6201513247705781E-025   0.0000000000000000     
  -2.2681600000000004        3.6313743449638689E-025   0.0000000000000000     
  -2.2630400000000002        5.0281221080874160E-025   0.0000000000000000     
  -2.2579200000000004        6.9555385066840587E-025   0.0000000000000000     
  -2.2528000000000001        9.6127102278600253E-025   0.0000000000000000     
  -2.2476800000000003        1.3272449779283433E-024   0.0000000000000000     
  -2.2425600000000001        1.8308235026059761E-024   0.0000000000000000     
  -2.2374400000000003        2.5230857768936354E-024   0.0000000000000000     
  -2.2323200000000001        3.4738231113353709E-024   0.0000000000000000     
  -2.2272000000000003        4.7783013242927280E-024   0.0000000000000000     
  -2.2220800000000001        6.5664329604091410E-024   0.0000000000000000     
  -2.2169600000000003        9.0152057823608754E-024   0.0000000000000000     
  -2.2118400000000000        1.2365506852773022E-023   0.0000000000000000     
  -2.2067200000000002        1.6944874193976368E-023   0.0000000000000000     
  -2.2016000000000000        2.3198233925111735E-023   0.0000000000000000     
  -2.1964800000000002        3.1729384414208121E-023   0.0000000000000000     
  -2.1913600000000000        4.3356929437025749E-023   0.0000000000000000     
  -2.1862400000000002        5.9189618009952700E-023   0.0000000000000000     
  -2.1811200000000004        8.0727723385565605E-023   0.0000000000000000     
  -2.1760000000000002        1.0999932526918329E-022   0.0000000000000000     
  -2.1708800000000004        1.4974332963387668E-022   0.0000000000000000     
  -2.1657600000000001        2.0365501004767281E-022   0.0000000000000000     
  -2.1606400000000003        2.7671510055753560E-022   0.0000000000000000     
  -2.1555200000000001        3.7563043133922721E-022   0.0000000000000000     
  -2.1504000000000003        5.0942332560941599E-022   0.0000000000000000     
  -2.1452800000000001        6.9021919472420042E-022   0.0000000000000000     
  -2.1401600000000003        9.3429793076900041E-022   0.0000000000000000     
  -2.1350400000000000        1.2634960531213126E-021   0.0000000000000000     
  -2.1299200000000003        1.7070747577604796E-021   0.0000000000000000     
  -2.1248000000000000        2.3042061942812230E-021   0.0000000000000000     
  -2.1196800000000002        3.1072792674233330E-021   0.0000000000000000     
  -2.1145600000000000        4.1862907028918098E-021   0.0000000000000000     
  -2.1094400000000002        5.6346718304426628E-021   0.0000000000000000     
  -2.1043200000000000        7.5770127803316093E-021   0.0000000000000000     
  -2.0992000000000002        1.0179291718081982E-020   0.0000000000000000     
  -2.0940800000000004        1.3662407972063672E-020   0.0000000000000000     
  -2.0889600000000002        1.8320068238993765E-020   0.0000000000000000     
  -2.0838400000000004        2.4542402406707161E-020   0.0000000000000000     
  -2.0787200000000001        3.2847113161905546E-020   0.0000000000000000     
  -2.0736000000000003        4.3920521582684215E-020   0.0000000000000000     
  -2.0684800000000001        5.8671598353162199E-020   0.0000000000000000     
  -2.0633600000000003        7.8303017511364743E-020   0.0000000000000000     
  -2.0582400000000001        1.0440450189045962E-019   0.0000000000000000     
  -2.0531200000000003        1.3907533068091059E-019   0.0000000000000000     
  -2.0480000000000000        1.8508495814420689E-019   0.0000000000000000     
  -2.0428800000000003        2.4608338789469596E-019   0.0000000000000000     
  -2.0377600000000000        3.2687643866364597E-019   0.0000000000000000     
  -2.0326400000000002        4.3378555543021737E-019   0.0000000000000000     
  -2.0275200000000000        5.7511765984110373E-019   0.0000000000000000     
  -2.0224000000000002        7.6177807482054689E-019   0.0000000000000000     
  -2.0172800000000000        1.0080692852890632E-018   0.0000000000000000     
  -2.0121600000000002        1.3327308303577601E-018   0.0000000000000000     
  -2.0070400000000004        1.7602917548146195E-018   0.0000000000000000     
  -2.0019200000000001        2.3228277905567096E-018   0.0000000000000000     
  -1.9968000000000001        3.0622420810536566E-018   0.0000000000000000     
  -1.9916800000000001        4.0332224454491976E-018   0.0000000000000000     
  -1.9865600000000001        5.3070719912544067E-018   0.0000000000000000     
  -1.9814400000000001        6.9766659780907955E-018   0.0000000000000000     
  -1.9763200000000001        9.1628595754413704E-018   0.0000000000000000     
  -1.9712000000000001        1.2022762811393941E-017   0.0000000000000000     
  -1.9660800000000003        1.5760415979075812E-017   0.0000000000000000     
  -1.9609600000000003        2.0640547885327489E-017   0.0000000000000000     
  -1.9558400000000002        2.7006289223762807E-017   0.0000000000000000     
  -1.9507200000000002        3.5301954924130730E-017   0.0000000000000000     
  -1.9456000000000002        4.6102316301527811E-017   0.0000000000000000     
  -1.9404800000000002        6.0150173489218455E-017   0.0000000000000000     
  -1.9353600000000002        7.8404532727963237E-017   0.0000000000000000     
  -1.9302400000000002        1.0210231891358864E-016   0.0000000000000000     
  -1.9251200000000002        1.3283734564211783E-016   0.0000000000000000     
  -1.9200000000000002        1.7266126578985142E-016   0.0000000000000000     
  -1.9148800000000001        2.2421248919692313E-016   0.0000000000000000     
  -1.9097600000000001        2.9088064752976474E-016   0.0000000000000000     
  -1.9046400000000001        3.7701619387188365E-016   0.0000000000000000     
  -1.8995200000000001        4.8819725082365936E-016   0.0000000000000000     
  -1.8944000000000001        6.3156899647152319E-016   0.0000000000000000     
  -1.8892800000000001        8.1627486506962502E-016   0.0000000000000000     
  -1.8841600000000001        1.0540038407740533E-015   0.0000000000000000     
  -1.8790400000000000        1.3596843892803366E-015   0.0000000000000000     
  -1.8739200000000003        1.7523634150943765E-015   0.0000000000000000     
  -1.8688000000000002        2.2563184371878783E-015   0.0000000000000000     
  -1.8636800000000002        2.9024634203735221E-015   0.0000000000000000     
  -1.8585600000000002        3.7301239740371882E-015   0.0000000000000000     
  -1.8534400000000002        4.7892766625358772E-015   0.0000000000000000     
  -1.8483200000000002        6.1433708612101877E-015   0.0000000000000000     
  -1.8432000000000002        7.8728810454454935E-015   0.0000000000000000     
  -1.8380800000000002        1.0079773979374011E-014   0.0000000000000000     
  -1.8329600000000001        1.2893120649158217E-014   0.0000000000000000     
  -1.8278400000000001        1.6476139017443574E-014   0.0000000000000000     
  -1.8227200000000001        2.1035023278778387E-014   0.0000000000000000     
  -1.8176000000000001        2.6830001354194593E-014   0.0000000000000000     
  -1.8124800000000001        3.4189168648100846E-014   0.0000000000000000     
  -1.8073600000000001        4.3525777209205188E-014   0.0000000000000000     
  -1.8022400000000001        5.5359821010407642E-014   0.0000000000000000     
  -1.7971200000000001        7.0344956940537751E-014   0.0000000000000000     
  -1.7920000000000000        8.9302045621050437E-014   0.0000000000000000     
  -1.7868800000000002        1.1326089645928111E-013   0.0000000000000000     
  -1.7817600000000002        1.4351216973373507E-013   0.0000000000000000     
  -1.7766400000000002        1.8167183990131339E-013   0.0000000000000000     
  -1.7715200000000002        2.2976117679945750E-013   0.0000000000000000     
  -1.7664000000000002        2.9030587685787617E-013   0.0000000000000000     
  -1.7612800000000002        3.6645880125950072E-013   0.0000000000000000     
  -1.7561600000000002        4.6215178408725305E-013   0.0000000000000000     
  -1.7510400000000002        5.8228319929630058E-013   0.0000000000000000     
  -1.7459200000000001        7.3294946712695271E-013   0.0000000000000000     
  -1.7408000000000001        9.2173049394524919E-013   0.0000000000000000     
  -1.7356800000000001        1.1580412412573919E-012   0.0000000000000000     
  -1.7305600000000001        1.4535642898891924E-012   0.0000000000000000     
  -1.7254400000000001        1.8227814999880318E-012   0.0000000000000000     
  -1.7203200000000001        2.2836267813513862E-012   0.0000000000000000     
  -1.7152000000000001        2.8582867187119088E-012   0.0000000000000000     
  -1.7100800000000000        3.5741815065937205E-012   0.0000000000000000     
  -1.7049600000000000        4.4651655331207369E-012   0.0000000000000000     
  -1.6998400000000002        5.5729952436757877E-012   0.0000000000000000     
  -1.6947200000000002        6.9491218892832286E-012   0.0000000000000000     
  -1.6896000000000002        8.6568787482659163E-012   0.0000000000000000     
  -1.6844800000000002        1.0774146791041875E-011   0.0000000000000000     
  -1.6793600000000002        1.3396599996117688E-011   0.0000000000000000     
  -1.6742400000000002        1.6641652163373458E-011   0.0000000000000000     
  -1.6691200000000002        2.0653251749688130E-011   0.0000000000000000     
  -1.6640000000000001        2.5607700727735961E-011   0.0000000000000000     
  -1.6588800000000001        3.1720708631506705E-011   0.0000000000000000     
  -1.6537600000000001        3.9255934848478103E-011   0.0000000000000000     
  -1.6486400000000001        4.8535322077598610E-011   0.0000000000000000     
  -1.6435200000000001        5.9951583135841629E-011   0.0000000000000000     
  -1.6384000000000001        7.3983273652231275E-011   0.0000000000000000     
  -1.6332800000000001        9.1212966611215730E-011   0.0000000000000000     
  -1.6281600000000001        1.1234914350272619E-010   0.0000000000000000     
  -1.6230400000000000        1.3825253369310081E-010   0.0000000000000000     
  -1.6179200000000000        1.6996777168059012E-010   0.0000000000000000     
  -1.6128000000000002        2.0876140478277533E-010   0.0000000000000000     
  -1.6076800000000002        2.5616747574935468E-010   0.0000000000000000     
  -1.6025600000000002        3.1404213070534462E-010   0.0000000000000000     
  -1.5974400000000002        3.8462896838365337E-010   0.0000000000000000     
  -1.5923200000000002        4.7063715836536962E-010   0.0000000000000000     
  -1.5872000000000002        5.7533472158746119E-010   0.0000000000000000     
  -1.5820800000000002        7.0265979443434727E-010   0.0000000000000000     
  -1.5769600000000001        8.5735319835329757E-010   0.0000000000000000     
  -1.5718400000000001        1.0451162216748938E-009   0.0000000000000000     
  -1.5667200000000001        1.2727982024321526E-009   0.0000000000000000     
  -1.5616000000000001        1.5486192956389239E-009   0.0000000000000000     
  -1.5564800000000001        1.8824347330765253E-009   0.0000000000000000     
  -1.5513600000000001        2.2860479579799319E-009   0.0000000000000000     
  -1.5462400000000001        2.7735812637233328E-009   0.0000000000000000     
  -1.5411200000000000        3.3619140104187613E-009   0.0000000000000000     
  -1.5360000000000000        4.0712001655102691E-009   0.0000000000000000     
  -1.5308800000000000        4.9254788471547459E-009   0.0000000000000000     
  -1.5257600000000002        5.9533937800134075E-009   0.0000000000000000     
  -1.5206400000000002        7.1890401445281186E-009   0.0000000000000000     
  -1.5155200000000002        8.6729602607873905E-009   0.0000000000000000     
  -1.5104000000000002        1.0453312950736253E-008   0.0000000000000000     
  -1.5052800000000002        1.2587245328521729E-008   0.0000000000000000     
  -1.5001600000000002        1.5142500246420583E-008   0.0000000000000000     
  -1.4950400000000001        1.8199297749507164E-008   0.0000000000000000     
  -1.4899200000000001        2.1852534751488062E-008   0.0000000000000000     
  -1.4848000000000001        2.6214353832381678E-008   0.0000000000000000     
  -1.4796800000000001        3.1417139682275170E-008   0.0000000000000000     
  -1.4745600000000001        3.7617010392446149E-008   0.0000000000000000     
  -1.4694400000000001        4.4997880656832432E-008   0.0000000000000000     
  -1.4643200000000001        5.3776185138377226E-008   0.0000000000000000     
  -1.4592000000000001        6.4206362936579949E-008   0.0000000000000000     
  -1.4540800000000000        7.6587218441480513E-008   0.0000000000000000     
  -1.4489600000000000        9.1269290069801617E-008   0.0000000000000000     
  -1.4438400000000000        1.0866337666446730E-007   0.0000000000000000     
  -1.4387200000000002        1.2925039193284828E-007   0.0000000000000000     
  -1.4336000000000002        1.5359274045692091E-007   0.0000000000000000     
  -1.4284800000000002        1.8234743480790725E-007   0.0000000000000000     
  -1.4233600000000002        2.1628120244068117E-007   0.0000000000000000     
  -1.4182400000000002        2.5628786365613565E-007   0.0000000000000000     
  -1.4131200000000002        3.0340829835590351E-007   0.0000000000000000     
  -1.4080000000000001        3.5885335995351544E-007   0.0000000000000000     
  -1.4028800000000001        4.2403014005732978E-007   0.0000000000000000     
  -1.3977600000000001        5.0057203784003044E-007   0.0000000000000000     
  -1.3926400000000001        5.9037314382266696E-007   0.0000000000000000     
  -1.3875200000000001        6.9562750962238563E-007   0.0000000000000000     
  -1.3824000000000001        8.1887394356543159E-007   0.0000000000000000     
  -1.3772800000000001        9.6304704750141642E-007   0.0000000000000000     
  -1.3721600000000000        1.1315352932493073E-006   0.0000000000000000     
  -1.3670400000000000        1.3282470284628211E-006   0.0000000000000000     
  -1.3619200000000000        1.5576854019486604E-006   0.0000000000000000     
  -1.3568000000000000        1.8250333082508719E-006   0.0000000000000000     
  -1.3516800000000002        2.1362495712901371E-006   0.0000000000000000     
  -1.3465600000000002        2.4981777176907588E-006   0.0000000000000000     
  -1.3414400000000002        2.9186688328194528E-006   0.0000000000000000     
  -1.3363200000000002        3.4067201471773567E-006   0.0000000000000000     
  -1.3312000000000002        3.9726311682978950E-006   0.0000000000000000     
  -1.3260800000000001        4.6281793543624592E-006   0.0000000000000000     
  -1.3209600000000001        5.3868175209753752E-006   0.0000000000000000     
  -1.3158400000000001        6.2638953825258531E-006   0.0000000000000000     
  -1.3107200000000001        7.2769078548382590E-006   0.0000000000000000     
  -1.3056000000000001        8.4457729868388893E-006   0.0000000000000000     
  -1.3004800000000001        9.7931426461277429E-006   0.0000000000000000     
  -1.2953600000000001        1.1344749356917582E-005   0.0000000000000000     
  -1.2902400000000001        1.3129792978946891E-005   0.0000000000000000     
  -1.2851200000000000        1.5181371222703396E-005   0.0000000000000000     
  -1.2800000000000000        1.7536958319460360E-005   0.0000000000000000     
  -1.2748800000000000        2.0238936503884273E-005   0.0000000000000000     
  -1.2697600000000000        2.3335185321763729E-005   0.0000000000000000     
  -1.2646400000000002        2.6879734144925229E-005   0.0000000000000000     
  -1.2595200000000002        3.0933483658569510E-005   0.0000000000000000     
  -1.2544000000000002        3.5565002481682770E-005   0.0000000000000000     
  -1.2492800000000002        4.0851405487147872E-005   0.0000000000000000     
  -1.2441600000000002        4.6879320802581808E-005   0.0000000000000000     
  -1.2390400000000001        5.3745952893282944E-005   0.0000000000000000     
  -1.2339200000000001        6.1560249552039325E-005   0.0000000000000000     
  -1.2288000000000001        7.0444181043526841E-005   0.0000000000000000     
  -1.2236800000000001        8.0534140069710074E-005   0.0000000000000000     
  -1.2185600000000001        9.1982471632616019E-005   0.0000000000000000     
  -1.2134400000000001        1.0495914226707778E-004   0.0000000000000000     
  -1.2083200000000001        1.1965355849295872E-004   0.0000000000000000     
  -1.2032000000000000        1.3627654468777753E-004   0.0000000000000000     
  -1.1980800000000000        1.5506249089973154E-004   0.0000000000000000     
  -1.1929600000000000        1.7627168140038130E-004   0.0000000000000000     
  -1.1878400000000000        2.0019281500762164E-004   0.0000000000000000     
  -1.1827200000000000        2.2714572838421047E-004   0.0000000000000000     
  -1.1776000000000002        2.5748433362566571E-004   0.0000000000000000     
  -1.1724800000000002        2.9159978148372173E-004   0.0000000000000000     
  -1.1673600000000002        3.2992386151702399E-004   0.0000000000000000     
  -1.1622400000000002        3.7293265030826500E-004   0.0000000000000000     
  -1.1571200000000001        4.2115041862452861E-004   0.0000000000000000     
  -1.1520000000000001        4.7515380801320525E-004   0.0000000000000000     
  -1.1468800000000001        5.3557628680670421E-004   0.0000000000000000     
  -1.1417600000000001        6.0311289484244097E-004   0.0000000000000000     
  -1.1366400000000001        6.7852528537706098E-004   0.0000000000000000     
  -1.1315200000000001        7.6264707167239575E-004   0.0000000000000000     
  -1.1264000000000001        8.5638948454198340E-004   0.0000000000000000     
  -1.1212800000000001        9.6074734575820188E-004   0.0000000000000000     
  -1.1161600000000000        1.0768053606185818E-003   0.0000000000000000     
  -1.1110400000000000        1.2057447311434805E-003   0.0000000000000000     
  -1.1059200000000000        1.3488500893149421E-003   0.0000000000000000     
  -1.1008000000000000        1.5075167474576489E-003   0.0000000000000000     
  -1.0956800000000000        1.6832582602984440E-003   0.0000000000000000     
  -1.0905600000000002        1.8777142904132270E-003   0.0000000000000000     
  -1.0854400000000002        2.0926587656731007E-003   0.0000000000000000     
  -1.0803200000000002        2.3300083139313741E-003   0.0000000000000000     
  -1.0752000000000002        2.5918309565480632E-003   0.0000000000000000     
  -1.0700800000000001        2.8803550384290046E-003   0.0000000000000000     
  -1.0649600000000001        3.1979783680668103E-003   0.0000000000000000     
  -1.0598400000000001        3.5472775366170582E-003   0.0000000000000000     
  -1.0547200000000001        3.9310173803354430E-003   0.0000000000000000     
  -1.0496000000000001        4.3521605457540104E-003   0.0000000000000000     
  -1.0444800000000001        4.8138771118044496E-003   0.0000000000000000     
  -1.0393600000000001        5.3195542177259690E-003   0.0000000000000000     
  -1.0342400000000000        5.8728056400501457E-003   0.0000000000000000     
  -1.0291200000000000        6.4774812562667953E-003   0.0000000000000000     
  -1.0240000000000000        7.1376763269780348E-003   0.0000000000000000     
  -1.0188800000000000        7.8577405224834109E-003   0.0000000000000000     
  -1.0137600000000000        8.6422866138515415E-003   0.0000000000000000     
  -1.0086400000000000        9.4961987426745494E-003   0.0000000000000000     
  -1.0035200000000002        1.0424640177923850E-002   0.0000000000000000     
 -0.99840000000000007        1.1433060462692067E-002   0.0000000000000000     
 -0.99328000000000005        1.2527201848176036E-002   0.0000000000000000     
 -0.98816000000000004        1.3713104907105960E-002   0.0000000000000000     
 -0.98304000000000014        1.4997113214018951E-002   0.0000000000000000     
 -0.97792000000000012        1.6385876975398148E-002   0.0000000000000000     
 -0.97280000000000011        1.7886355488822673E-002   0.0000000000000000     
 -0.96768000000000010        1.9505818306987693E-002   0.0000000000000000     
 -0.96256000000000008        2.1251844979837155E-002   0.0000000000000000     
 -0.95744000000000007        2.3132323246193253E-002   0.0000000000000000     
 -0.95232000000000006        2.5155445545252075E-002   0.0000000000000000     
 -0.94720000000000004        2.7329703718228227E-002   0.0000000000000000     
 -0.94208000000000003        2.9663881771358397E-002   0.0000000000000000     
 -0.93696000000000013        3.2167046573497414E-002   0.0000000000000000     
 -0.93184000000000011        3.4848536364735581E-002   0.0000000000000000     
 -0.92672000000000010        3.7717946956910720E-002   0.0000000000000000     
 -0.92160000000000009        4.0785115512647484E-002   0.0000000000000000     
 -0.91648000000000007        4.4060101796691384E-002   0.0000000000000000     
 -0.91136000000000006        4.7553166801868413E-002   0.0000000000000000     
 -0.90624000000000005        5.1274748662035803E-002   0.0000000000000000     
 -0.90112000000000003        5.5235435775926024E-002   0.0000000000000000     
 -0.89600000000000002        5.9445937078845851E-002   0.0000000000000000     
 -0.89088000000000012        6.3917049413780055E-002   0.0000000000000000     
 -0.88576000000000010        6.8659621969557494E-002   0.0000000000000000     
 -0.88064000000000009        7.3684517771341482E-002   0.0000000000000000     
 -0.87552000000000008        7.9002572227768811E-002   0.0000000000000000     
 -0.87040000000000006        8.4624548759521204E-002   0.0000000000000000     
 -0.86528000000000005        9.0561091555895423E-002   0.0000000000000000     
 -0.86016000000000004        9.6822675528953503E-002   0.0000000000000000     
 -0.85504000000000002       0.10341955355896182        0.0000000000000000     
 -0.84992000000000012       0.11036170114994252        0.0000000000000000     
 -0.84480000000000011       0.11765875864011034        0.0000000000000000     
 -0.83968000000000009       0.12531997113857485        0.0000000000000000     
 -0.83456000000000008       0.13335412638678312        0.0000000000000000     
 -0.82944000000000007       0.14176949077053114        0.0000000000000000     
 -0.82432000000000005       0.15057374373578342        0.0000000000000000     
 -0.81920000000000004       0.15977391088876325        0.0000000000000000     
 -0.81408000000000003       0.16937629608755547        0.0000000000000000     
 -0.80896000000000001       0.17938641285855270        0.0000000000000000     
 -0.80384000000000011       0.18980891549618503        0.0000000000000000     
 -0.79872000000000010       0.20064753022823720        0.0000000000000000     
 -0.79360000000000008       0.21190498685137971        0.0000000000000000     
 -0.78848000000000007       0.22358295126205374        0.0000000000000000     
 -0.78336000000000006       0.23568195932623937        0.0000000000000000     
 -0.77824000000000004       0.24820135254765180        0.0000000000000000     
 -0.77312000000000003       0.26113921600725498        0.0000000000000000     
 -0.76800000000000002       0.27449231905739985        0.0000000000000000     
 -0.76288000000000011       0.28825605926113745        0.0000000000000000     
 -0.75776000000000010       0.30242441007108301        0.0000000000000000     
 -0.75264000000000009       0.31698987274241136        0.0000000000000000     
 -0.74752000000000007       0.33194343297096174        0.0000000000000000     
 -0.74240000000000006       0.34727452273983828        0.0000000000000000     
 -0.73728000000000005       0.36297098784620990        0.0000000000000000     
 -0.73216000000000003       0.37901906156411880        0.0000000000000000     
 -0.72704000000000002       0.39540334487894618        0.0000000000000000     
 -0.72192000000000001       0.41210679370473668        0.0000000000000000     
 -0.71680000000000010       0.42911071346685736        0.0000000000000000     
 -0.71168000000000009       0.44639476139952999        0.0000000000000000     
 -0.70656000000000008       0.46393695687071446        0.0000000000000000     
 -0.70144000000000006       0.48171370000580649        0.0000000000000000     
 -0.69632000000000005       0.49969979883679960        0.0000000000000000     
 -0.69120000000000004       0.51786850515521199        0.0000000000000000     
 -0.68608000000000002       0.53619155919546291        0.0000000000000000     
 -0.68096000000000001       0.55463924322080471        0.0000000000000000     
 -0.67584000000000011       0.57318044402676316        0.0000000000000000     
 -0.67072000000000009       0.59178272431768353        0.0000000000000000     
 -0.66560000000000008       0.61041240285086362        0.0000000000000000     
 -0.66048000000000007       0.62903464318036617        0.0000000000000000     
 -0.65536000000000005       0.64761355076938831        0.0000000000000000     
 -0.65024000000000004       0.66611227817659635        0.0000000000000000     
 -0.64512000000000003       0.68449313795860789        0.0000000000000000     
 -0.64000000000000001       0.70271772286839762        0.0000000000000000     
 -0.63488000000000000       0.72074703286836550        0.0000000000000000     
 -0.62976000000000010       0.73854160841770600        0.0000000000000000     
 -0.62464000000000008       0.75606166943712227        0.0000000000000000     
 -0.61952000000000007       0.77326725930037754        0.0000000000000000     
 -0.61440000000000006       0.79011839315223886        0.0000000000000000     
 -0.60928000000000004       0.80657520980651920        0.0000000000000000     
 -0.60416000000000003       0.82259812643670360        0.0000000000000000     
 -0.59904000000000002       0.83814799523547778        0.0000000000000000     
 -0.59392000000000000       0.85318626118880914        0.0000000000000000     
 -0.58880000000000010       0.86767512008542524        0.0000000000000000     
 -0.58368000000000009       0.88157767586393587        0.0000000000000000     
 -0.57856000000000007       0.89485809638772296        0.0000000000000000     
 -0.57344000000000006       0.90748176673231307        0.0000000000000000     
 -0.56832000000000005       0.91941543907139178        0.0000000000000000     
 -0.56320000000000003       0.93062737825604691        0.0000000000000000     
 -0.55808000000000002       0.94108750219724646        0.0000000000000000     
 -0.55296000000000001       0.95076751618396305        0.0000000000000000     
 -0.54783999999999999       0.95964104029863040        0.0000000000000000     
 -0.54272000000000009       0.96768372912761424        0.0000000000000000     
 -0.53760000000000008       0.97487338300686255        0.0000000000000000     
 -0.53248000000000006       0.98119005009157312        0.0000000000000000     
 -0.52736000000000005       0.98661611859324105        0.0000000000000000     
 -0.52224000000000004       0.99113639858738667        0.0000000000000000     
 -0.51712000000000002       0.99473819286017751        0.0000000000000000     
 -0.51200000000000001       0.99741135633150335        0.0000000000000000     
 -0.50688000000000000       0.99914834366529515        0.0000000000000000     
 -0.50176000000000009       0.99994424475438148        0.0000000000000000     
 -0.49664000000000003       0.99979680784632252        0.0000000000000000     
 -0.49152000000000007       0.99870645015778436        0.0000000000000000     
 -0.48640000000000005       0.99667625590742648        0.0000000000000000     
 -0.48128000000000004       0.99371196178028209        0.0000000000000000     
 -0.47616000000000003       0.98982192991951012        0.0000000000000000     
 -0.47104000000000001       0.98501710862347691        0.0000000000000000     
 -0.46592000000000006       0.97931098100670699        0.0000000000000000     
 -0.46080000000000004       0.97271950196162615        0.0000000000000000     
 -0.45568000000000003       0.96526102383357759        0.0000000000000000     
 -0.45056000000000002       0.95695621129366149        0.0000000000000000     
 -0.44544000000000006       0.94782794596197617        0.0000000000000000     
 -0.44032000000000004       0.93790122139724375        0.0000000000000000     
 -0.43520000000000003       0.92720302912710306        0.0000000000000000     
 -0.43008000000000002       0.91576223644608490        0.0000000000000000     
 -0.42496000000000006       0.90360945675506310        0.0000000000000000     
 -0.41984000000000005       0.89077691325645525        0.0000000000000000     
 -0.41472000000000003       0.87729829685336724        0.0000000000000000     
 -0.40960000000000002       0.86320861912801583        0.0000000000000000     
 -0.40448000000000001       0.84854406129499382        0.0000000000000000     
 -0.39936000000000005       0.83334182003817658        0.0000000000000000     
 -0.39424000000000003       0.81763995114630639        0.0000000000000000     
 -0.38912000000000002       0.80147721186158316        0.0000000000000000     
 -0.38400000000000001       0.78489290284805657        0.0000000000000000     
 -0.37888000000000005       0.76792671067244844        0.0000000000000000     
 -0.37376000000000004       0.75061855166945701        0.0000000000000000     
 -0.36864000000000002       0.73300841803692851        0.0000000000000000     
 -0.36352000000000001       0.71513622697383883        0.0000000000000000     
 -0.35840000000000005       0.69704167363624847        0.0000000000000000     
 -0.35328000000000004       0.67876408864366233        0.0000000000000000     
 -0.34816000000000003       0.66034230082105971        0.0000000000000000     
 -0.34304000000000001       0.64181450581072108        0.0000000000000000     
 -0.33792000000000005       0.62321814113342910        0.0000000000000000     
 -0.33280000000000004       0.60458976822117527        0.0000000000000000     
 -0.32768000000000003       0.58596496188374447        0.0000000000000000     
 -0.32256000000000001       0.56737820761001678        0.0000000000000000     
 -0.31744000000000000       0.54886280704210966        0.0000000000000000     
 -0.31232000000000004       0.53045079189711974        0.0000000000000000     
 -0.30720000000000003       0.51217284654777362        0.0000000000000000     
 -0.30208000000000002       0.49405823941029747        0.0000000000000000     
 -0.29696000000000000       0.47613476322575554        0.0000000000000000     
 -0.29184000000000004       0.45842868426050654        0.0000000000000000     
 -0.28672000000000003       0.44096470039270791        0.0000000000000000     
 -0.28160000000000002       0.42376590799541192        0.0000000000000000     
 -0.27648000000000000       0.40685377747310486        0.0000000000000000     
 -0.27136000000000005       0.39024813725791474        0.0000000000000000     
 -0.26624000000000003       0.37396716602443880        0.0000000000000000     
 -0.26112000000000002       0.35802739283850038        0.0000000000000000     
 -0.25600000000000001       0.34244370491533482        0.0000000000000000     
 -0.25088000000000005       0.32722936262692881        0.0000000000000000     
 -0.24576000000000003       0.31239602136660344        0.0000000000000000     
 -0.24064000000000002       0.29795375985153977        0.0000000000000000     
 -0.23552000000000001       0.28391111442083572        0.0000000000000000     
 -0.23040000000000002       0.27027511886786371        0.0000000000000000     
 -0.22528000000000001       0.25705134933112583        0.0000000000000000     
 -0.22016000000000002       0.24424397375741291        0.0000000000000000     
 -0.21504000000000001       0.23185580544474307        0.0000000000000000     
 -0.20992000000000002       0.21988836017016339        0.0000000000000000     
 -0.20480000000000001       0.20834191640885227        0.0000000000000000     
 -0.19968000000000002       0.19721557815588167        0.0000000000000000     
 -0.19456000000000001       0.18650733987025650        0.0000000000000000     
 -0.18944000000000003       0.17621415307221092        0.0000000000000000     
 -0.18432000000000001       0.16633199413894634        0.0000000000000000     
 -0.17920000000000003       0.15685593286078645        0.0000000000000000     
 -0.17408000000000001       0.14778020133880646        0.0000000000000000     
 -0.16896000000000003       0.13909826282610371        0.0000000000000000     
 -0.16384000000000001       0.13080288013771124        0.0000000000000000     
 -0.15872000000000000       0.12288618327844032        0.0000000000000000     
 -0.15360000000000001       0.11533973596338261        0.0000000000000000     
 -0.14848000000000000       0.10815460073213437        0.0000000000000000     
 -0.14336000000000002       0.10132140238475573        0.0000000000000000     
 -0.13824000000000000        9.4830389494778788E-002   0.0000000000000000     
 -0.13312000000000002        8.8671493782003355E-002   0.0000000000000000     
 -0.12800000000000000        8.2834387155110212E-002   0.0000000000000000     
 -0.12288000000000002        7.7308536261087385E-002   0.0000000000000000     
 -0.11776000000000000        7.2083254404884278E-002   0.0000000000000000     
 -0.11264000000000000        6.7147750728417499E-002   0.0000000000000000     
 -0.10752000000000000        6.2491176562869295E-002   0.0000000000000000     
 -0.10240000000000000        5.8102668892017623E-002   0.0000000000000000     
  -9.7280000000000005E-002   5.3971390886973385E-002   0.0000000000000000     
  -9.2160000000000006E-002   5.0086569494081357E-002   0.0000000000000000     
  -8.7040000000000006E-002   4.6437530077771627E-002   0.0000000000000000     
  -8.1920000000000007E-002   4.3013728138758596E-002   0.0000000000000000     
  -7.6800000000000007E-002   3.9804778145125952E-002   0.0000000000000000     
  -7.1680000000000008E-002   3.6800479529471158E-002   0.0000000000000000     
  -6.6560000000000008E-002   3.3990839919392446E-002   0.0000000000000000     
  -6.1440000000000008E-002   3.1366095681184938E-002   0.0000000000000000     
  -5.6320000000000002E-002   2.8916729867675527E-002   0.0000000000000000     
  -5.1200000000000002E-002   2.6633487670698393E-002   0.0000000000000000     
  -4.6080000000000003E-002   2.4507389486824526E-002   0.0000000000000000     
  -4.0960000000000003E-002   2.2529741711657326E-002   0.0000000000000000     
  -3.5840000000000004E-002   2.0692145383348379E-002   0.0000000000000000     
  -3.0720000000000004E-002   1.8986502800033191E-002   0.0000000000000000     
  -2.5600000000000001E-002   1.7405022238708798E-002   0.0000000000000000     
  -2.0480000000000002E-002   1.5940220904746571E-002   0.0000000000000000     
  -1.5360000000000002E-002   1.4584926241835367E-002   0.0000000000000000     
  -1.0240000000000001E-002   1.3332275731764242E-002   0.0000000000000000     
  -5.1200000000000004E-003   1.2175715312166550E-002   0.0000000000000000     
   0.0000000000000000        1.1108996538242306E-002   0.0000000000000000     
   5.1200000000000004E-003   1.0126172611640919E-002   0.0000000000000000     
   1.0240000000000001E-002   9.2215933962068522E-003   0.0000000000000000     
   1.5360000000000002E-002   8.3898995362498424E-003   0.0000000000000000     
   2.0480000000000002E-002   7.6260157884807693E-003   0.0000000000000000     
   2.5600000000000001E-002   6.9251436738333840E-003   0.0000000000000000     
   3.0720000000000004E-002   6.2827535501458285E-003   0.0000000000000000     
   3.5840000000000004E-002   5.6945762011761172E-003   0.0000000000000000     
   4.0960000000000003E-002   5.1565940317394752E-003   0.0000000000000000     
   4.6080000000000003E-002   4.6650319529468309E-003   0.0000000000000000     
   5.1200000000000002E-002   4.2163480356493879E-003   0.0000000000000000     
   5.6320000000000002E-002   3.8072240043093802E-003   0.0000000000000000     
   6.1440000000000008E-002   3.4345556376689022E-003   0.0000000000000000     
   6.6560000000000008E-002   3.0954431368218254E-003   0.0000000000000000     
   7.1680000000000008E-002   2.7871815156465907E-003   0.0000000000000000     
   7.6800000000000007E-002   2.5072510630640876E-003   0.0000000000000000     
   8.1920000000000007E-002   2.2533079212742040E-003   0.0000000000000000     
   8.7040000000000006E-002   2.0231748190220975E-003   0.0000000000000000     
   9.2160000000000006E-002   1.8148319940707943E-003   0.0000000000000000     
   9.7280000000000005E-002   1.6264083344270576E-003   0.0000000000000000     
  0.10240000000000000        1.4561727634952494E-003   0.0000000000000000     
  0.10752000000000000        1.3025258902279284E-003   0.0000000000000000     
  0.11264000000000000        1.1639919415079403E-003   0.0000000000000000     
  0.11776000000000000        1.0392109904376705E-003   0.0000000000000000     
  0.12288000000000002        9.2693149092660837E-004   0.0000000000000000     
  0.12800000000000000        8.2600312595607723E-004   0.0000000000000000     
  0.13312000000000002        7.3536997415531212E-004   0.0000000000000000     
  0.13824000000000000        6.5406399683941221E-004   0.0000000000000000     
  0.14336000000000002        5.8119884542883295E-004   0.0000000000000000     
  0.14848000000000000        5.1596398718264632E-004   0.0000000000000000     
  0.15360000000000001        4.5761914542293822E-004   0.0000000000000000     
  0.15872000000000000        4.0548904889404900E-004   0.0000000000000000     
  0.16384000000000001        3.5895848357544346E-004   0.0000000000000000     
  0.16896000000000003        3.1746763913829620E-004   0.0000000000000000     
  0.17408000000000001        2.8050774129014780E-004   0.0000000000000000     
  0.17920000000000003        2.4761696047615438E-004   0.0000000000000000     
  0.18432000000000001        2.1837658678622266E-004   0.0000000000000000     
  0.18944000000000003        1.9240746044168306E-004   0.0000000000000000     
  0.19456000000000001        1.6936664689017883E-004   0.0000000000000000     
  0.19968000000000002        1.4894434531070091E-004   0.0000000000000000     
  0.20480000000000001        1.3086101921004731E-004   0.0000000000000000     
  0.20992000000000002        1.1486473776581761E-004   0.0000000000000000     
  0.21504000000000001        1.0072871662836699E-004   0.0000000000000000     
  0.22016000000000002        8.8249047024359519E-005   0.0000000000000000     
  0.22528000000000001        7.7242602197946555E-005   0.0000000000000000     
  0.23040000000000002        6.7545110472817083E-005   0.0000000000000000     
  0.23552000000000001        5.9009384510923512E-005   0.0000000000000000     
  0.24064000000000002        5.1503696673638522E-005   0.0000000000000000     
  0.24576000000000003        4.4910290751183629E-005   0.0000000000000000     
  0.25088000000000005        3.9124020709748234E-005   0.0000000000000000     
  0.25600000000000001        3.4051107506816942E-005   0.0000000000000000     
  0.26112000000000002        2.9608005438410344E-005   0.0000000000000000     
  0.26624000000000003        2.5720369902423603E-005   0.0000000000000000     
  0.27136000000000005        2.2322118885742766E-005   0.0000000000000000     
  0.27648000000000000        1.9354580905586751E-005   0.0000000000000000     
  0.28160000000000002        1.6765722554312775E-005   0.0000000000000000     
  0.28672000000000003        1.4509449208941343E-005   0.0000000000000000     
  0.29184000000000004        1.2544972869533488E-005   0.0000000000000000     
  0.29696000000000000        1.0836241482315990E-005   0.0000000000000000     
  0.30208000000000002        9.3514244824850750E-006   0.0000000000000000     
  0.30720000000000003        8.0624496566363901E-006   0.0000000000000000     
  0.31232000000000004        6.9445867747789341E-006   0.0000000000000000     
  0.31744000000000000        5.9760737761699436E-006   0.0000000000000000     
  0.32256000000000001        5.1377816112620801E-006   0.0000000000000000     
  0.32768000000000003        4.4129141436115983E-006   0.0000000000000000     
  0.33280000000000004        3.7867398005513444E-006   0.0000000000000000     
  0.33792000000000005        3.2463519298555604E-006   0.0000000000000000     
  0.34304000000000001        2.7804550717059898E-006   0.0000000000000000     
  0.34816000000000003        2.3791745913277610E-006   0.0000000000000000     
  0.35328000000000004        2.0338873381067483E-006   0.0000000000000000     
  0.35840000000000005        1.7370712023144233E-006   0.0000000000000000     
  0.36352000000000001        1.4821716313031307E-006   0.0000000000000000     
  0.36864000000000002        1.2634833437912798E-006   0.0000000000000000     
  0.37376000000000004        1.0760456442690491E-006   0.0000000000000000     
  0.37888000000000005        9.1554989027929026E-007   0.0000000000000000     
  0.38400000000000001        7.7825780403804465E-007   0.0000000000000000     
  0.38912000000000002        6.6092944723395482E-007   0.0000000000000000     
  0.39424000000000003        5.6075979456341058E-007   0.0000000000000000     
  0.39936000000000005        4.7532294828819306E-007   0.0000000000000000     
  0.40448000000000001        4.0252313350210627E-007   0.0000000000000000     
  0.40960000000000002        3.4055170250193743E-007   0.0000000000000000     
  0.41472000000000003        2.8784945729520095E-007   0.0000000000000000     
  0.41984000000000005        2.4307367243752682E-007   0.0000000000000000     
  0.42496000000000006        2.0506926664612299E-007   0.0000000000000000     
  0.43008000000000002        1.7284363152454439E-007   0.0000000000000000     
  0.43520000000000003        1.4554467977239431E-007   0.0000000000000000     
  0.44032000000000004        1.2244172392683267E-007   0.0000000000000000     
  0.44544000000000006        1.0290884044736209E-007   0.0000000000000000     
  0.45056000000000002        8.6410413238935084E-008   0.0000000000000000     
  0.45568000000000003        7.2488585910306029E-008   0.0000000000000000     
  0.46080000000000004        6.0752383556348114E-008   0.0000000000000000     
  0.46592000000000006        5.0868292979561300E-008   0.0000000000000000     
  0.47104000000000001        4.2552115346134882E-008   0.0000000000000000     
  0.47616000000000003        3.5561927599847873E-008   0.0000000000000000     
  0.48128000000000004        2.9692008803415262E-008   0.0000000000000000     
  0.48640000000000005        2.4767605189810948E-008   0.0000000000000000     
  0.49152000000000007        2.0640423312846974E-008   0.0000000000000000     
  0.49664000000000003        1.7184754494173384E-008   0.0000000000000000     
  0.50176000000000009        1.4294145961762445E-008   0.0000000000000000     
  0.50688000000000000        1.1878544834413470E-008   0.0000000000000000     
  0.51200000000000001        9.8618505833947425E-009   0.0000000000000000     
  0.51712000000000002        8.1798199367196194E-009   0.0000000000000000     
  0.52224000000000004        6.7782755107046921E-009   0.0000000000000000     
  0.52736000000000005        5.6115758717651639E-009   0.0000000000000000     
  0.53248000000000006        4.6413103516673079E-009   0.0000000000000000     
  0.53760000000000008        3.8351868539096916E-009   0.0000000000000000     
  0.54272000000000009        3.1660851801203488E-009   0.0000000000000000     
  0.54783999999999999        2.6112521471214991E-009   0.0000000000000000     
  0.55296000000000001        2.1516180234465906E-009   0.0000000000000000     
  0.55808000000000002        1.7712166471870586E-009   0.0000000000000000     
  0.56320000000000003        1.4566940471692154E-009   0.0000000000000000     
  0.56832000000000005        1.1968925228085959E-009   0.0000000000000000     
  0.57344000000000006        9.8249898545640620E-010   0.0000000000000000     
  0.57856000000000007        8.0574796180397053E-010   0.0000000000000000     
  0.58368000000000009        6.6017103984609486E-010   0.0000000000000000     
  0.58880000000000010        5.4038572813935134E-010   0.0000000000000000     
  0.59392000000000000        4.4191772434218685E-010   0.0000000000000000     
  0.59904000000000002        3.6105147100422833E-010   0.0000000000000000     
  0.60416000000000003        2.9470463430736744E-010   0.0000000000000000     
  0.60928000000000004        2.4032279161004929E-010   0.0000000000000000     
  0.61440000000000006        1.9579117076100717E-010   0.0000000000000000     
  0.61952000000000007        1.5936076092864724E-010   0.0000000000000000     
  0.62464000000000008        1.2958652219852729E-010   0.0000000000000000     
  0.62976000000000010        1.0527576904516421E-010   0.0000000000000000     
  0.63488000000000000        8.5445099340950763E-011   0.0000000000000000     
  0.64000000000000001        6.9284493069689897E-011   0.0000000000000000     
  0.64512000000000003        5.6127419638292402E-011   0.0000000000000000     
  0.65024000000000004        4.5425975051108086E-011   0.0000000000000000     
  0.65536000000000005        3.6730224909386486E-011   0.0000000000000000     
  0.66048000000000007        2.9671060259357574E-011   0.0000000000000000     
  0.66560000000000008        2.3945984210824544E-011   0.0000000000000000     
  0.67072000000000009        1.9307340969937532E-011   0.0000000000000000     
  0.67584000000000011        1.5552578038309586E-011   0.0000000000000000     
  0.68096000000000001        1.2516199022527415E-011   0.0000000000000000     
  0.68608000000000002        1.0063120653852775E-011   0.0000000000000000     
  0.69120000000000004        8.0831948444927773E-012   0.0000000000000000     
  0.69632000000000005        6.4866962760245683E-012   0.0000000000000000     
  0.70144000000000006        5.2006092965076232E-012   0.0000000000000000     
  0.70656000000000008        4.1655757906945005E-012   0.0000000000000000     
  0.71168000000000009        3.3333890284739837E-012   0.0000000000000000     
  0.71680000000000010        2.6649380083191309E-012   0.0000000000000000     
  0.72192000000000001        2.1285231038062127E-012   0.0000000000000000     
  0.72704000000000002        1.6984774075695637E-012   0.0000000000000000     
  0.73216000000000003        1.3540394840801731E-012   0.0000000000000000     
  0.73728000000000005        1.0784326582776652E-012   0.0000000000000000     
  0.74240000000000006        8.5811379157778921E-013   0.0000000000000000     
  0.74752000000000007        6.8216099136807836E-013   0.0000000000000000     
  0.75264000000000009        5.4177508452356589E-013   0.0000000000000000     
  0.75776000000000010        4.2987414427372754E-013   0.0000000000000000     
  0.76288000000000011        3.4076404775398342E-013   0.0000000000000000     
  0.76800000000000002        2.6987108848052892E-013   0.0000000000000000     
  0.77312000000000003        2.1352518232447853E-013   0.0000000000000000     
  0.77824000000000004        1.6878427801637831E-013   0.0000000000000000     
  0.78336000000000006        1.3329228947464808E-013   0.0000000000000000     
  0.78848000000000007        1.0516427040810643E-013   0.0000000000000000     
  0.79360000000000008        8.2893704213662764E-014   0.0000000000000000     
  0.79872000000000010        6.5277727842162873E-014   0.0000000000000000     
  0.80384000000000011        5.1356883299049982E-014   0.0000000000000000     
  0.80896000000000001        4.0366624855692271E-014   0.0000000000000000     
  0.81408000000000003        3.1698328782884544E-014   0.0000000000000000     
  0.81920000000000004        2.4867976089519021E-014   0.0000000000000000     
  0.82432000000000005        1.9491024386066378E-014   0.0000000000000000     
  0.82944000000000007        1.5262266648443732E-014   0.0000000000000000     
  0.83456000000000008        1.1939703917296957E-014   0.0000000000000000     
  0.83968000000000009        9.3316453678891156E-015   0.0000000000000000     
  0.84480000000000011        7.2864005685096786E-015   0.0000000000000000     
  0.84992000000000012        5.6840515511344020E-015   0.0000000000000000     
  0.85504000000000002        4.4298918298182570E-015   0.0000000000000000     
  0.86016000000000004        3.4492000483393406E-015   0.0000000000000000     
  0.86528000000000005        2.6830810607373901E-015   0.0000000000000000     
  0.87040000000000006        2.0851598415175481E-015   0.0000000000000000     
  0.87552000000000008        1.6189560496281447E-015   0.0000000000000000     
  0.88064000000000009        1.2558012588306334E-015   0.0000000000000000     
  0.88576000000000010        9.7318838607903297E-016   0.0000000000000000     
  0.89088000000000012        7.5346497559192514E-016   0.0000000000000000     
  0.89600000000000002        5.8279976663048010E-016   0.0000000000000000     
  0.90112000000000003        4.5036622931356386E-016   0.0000000000000000     
  0.90624000000000005        3.4769817738884905E-016   0.0000000000000000     
  0.91136000000000006        2.6818171213130312E-016   0.0000000000000000     
  0.91648000000000007        2.0665506417220481E-016   0.0000000000000000     
  0.92160000000000009        1.5909374089827981E-016   0.0000000000000000     
  0.92672000000000010        1.2236304721920444E-016   0.0000000000000000     
  0.93184000000000011        9.4023761580096465E-017   0.0000000000000000     
  0.93696000000000013        7.2179705930486176E-017   0.0000000000000000     
  0.94208000000000003        5.5358299775654910E-017   0.0000000000000000     
  0.94720000000000004        4.2417056355900319E-017   0.0000000000000000     
  0.95232000000000006        3.2470461225925528E-017   0.0000000000000000     
  0.95744000000000007        2.4832848402057650E-017   0.0000000000000000     
  0.96256000000000008        1.8973819522487742E-017   0.0000000000000000     
  0.96768000000000010        1.4483487257941905E-017   0.0000000000000000     
  0.97280000000000011        1.1045405546939265E-017   0.0000000000000000     
  0.97792000000000012        8.4155080377213551E-018   0.0000000000000000     
  0.98304000000000014        6.4057378328056232E-018   0.0000000000000000     
  0.98816000000000004        4.8713364918674276E-018   0.0000000000000000     
  0.99328000000000005        3.7009843421710145E-018   0.0000000000000000     
  0.99840000000000007        2.8091602461405606E-018   0.0000000000000000     
   1.0035200000000002        2.1302272127670840E-018   0.0000000000000000     
   1.0086400000000000        1.6138586379404887E-018   0.0000000000000000     
   1.0137600000000000        1.2215048681479065E-018   0.0000000000000000     
   1.0188800000000000        9.2366622097921597E-019   0.0000000000000000     
   1.0240000000000000        6.9779052681683013E-019   0.0000000000000000     
   1.0291200000000000        5.2665380368669870E-019   0.0000000000000000     
   1.0342400000000000        3.9711430298065983E-019   0.0000000000000000     
   1.0393600000000001        2.9915480445905208E-019   0.0000000000000000     
   1.0444800000000001        2.2514721692169855E-019   0.0000000000000000     
   1.0496000000000001        1.6928845138038896E-019   0.0000000000000000     
   1.0547200000000001        1.2716811378305907E-019   0.0000000000000000     
   1.0598400000000001        9.5437548586871489E-020   0.0000000000000000     
   1.0649600000000001        7.1556727309326239E-020   0.0000000000000000     
   1.0700800000000001        5.3600866697470311E-020   0.0000000000000000     
   1.0752000000000002        4.0112829984390591E-020   0.0000000000000000     
   1.0803200000000002        2.9990585317963594E-020   0.0000000000000000     
   1.0854400000000002        2.2401480895342306E-020   0.0000000000000000     
   1.0905600000000002        1.6717012409943993E-020   0.0000000000000000     
   1.0956800000000000        1.2463233992911800E-020   0.0000000000000000     
   1.1008000000000000        9.2830989801175112E-021   0.0000000000000000     
   1.1059200000000000        6.9078891785426669E-021   0.0000000000000000     
   1.1110400000000000        5.1355609816063847E-021   0.0000000000000000     
   1.1161600000000000        3.8143502362360943E-021   0.0000000000000000     
   1.1212800000000001        2.8303711788955974E-021   0.0000000000000000     
   1.1264000000000001        2.0982458221663226E-021   0.0000000000000000     
   1.1315200000000001        1.5540303246315083E-021   0.0000000000000000     
   1.1366400000000001        1.1498806335501249E-021   0.0000000000000000     
   1.1417600000000001        8.5003376740752609E-022   0.0000000000000000     
   1.1468800000000001        6.2778328080949786E-022   0.0000000000000000     
   1.1520000000000001        4.6320523678273736E-022   0.0000000000000000     
   1.1571200000000001        3.4145016295704845E-022   0.0000000000000000     
   1.1622400000000002        2.5146140412941551E-022   0.0000000000000000     
   1.1673600000000002        1.8501438504531129E-022   0.0000000000000000     
   1.1724800000000002        1.3599714932313767E-022   0.0000000000000000     
   1.1776000000000002        9.9872118425163544E-023   0.0000000000000000     
   1.1827200000000000        7.3273825708666348E-023   0.0000000000000000     
   1.1878400000000000        5.3708573864808911E-023   0.0000000000000000     
   1.1929600000000000        3.9330414407187355E-023   0.0000000000000000     
   1.1980800000000000        2.8774220842513218E-023   0.0000000000000000     
   1.2032000000000000        2.1031428451167654E-023   0.0000000000000000     
   1.2083200000000001        1.5357627077712891E-023   0.0000000000000000     
   1.2134400000000001        1.1203910028423253E-023   0.0000000000000000     
   1.2185600000000001        8.1659225389955230E-024   0.0000000000000000     
   1.2236800000000001        5.9460841013014694E-024   0.0000000000000000     
   1.2288000000000001        4.3256062841126817E-024   0.0000000000000000     
   1.2339200000000001        3.1437867248454950E-024   0.0000000000000000     
   1.2390400000000001        2.2827024885749501E-024   0.0000000000000000     
   1.2441600000000002        1.6559060662199174E-024   0.0000000000000000     
   1.2492800000000002        1.2000856156897995E-024   0.0000000000000000     
   1.2544000000000002        8.6891823579050053E-025   0.0000000000000000     
   1.2595200000000002        6.2854408177604198E-025   0.0000000000000000     
   1.2646400000000002        4.5423722247377602E-025   0.0000000000000000     
   1.2697600000000000        3.2795922087004334E-025   0.0000000000000000     
   1.2748800000000000        2.3656316427019766E-025   0.0000000000000000     
   1.2800000000000000        1.7047650912511329E-025   0.0000000000000000     
   1.2851200000000000        1.2273604227302166E-025   0.0000000000000000     
   1.2902400000000001        8.8281526608403177E-026   0.0000000000000000     
   1.2953600000000001        6.3439200706245252E-026   0.0000000000000000     
   1.3004800000000001        4.5544476938830355E-026   0.0000000000000000     
   1.3056000000000001        3.2666596134077155E-026   0.0000000000000000     
   1.3107200000000001        2.3407886128818031E-026   0.0000000000000000     
   1.3158400000000001        1.6757555145491503E-026   0.0000000000000000     
   1.3209600000000001        1.1985309866027868E-026   0.0000000000000000     
   1.3260800000000001        8.5640269330669165E-027   0.0000000000000000     
   1.3312000000000002        6.1135987352718734E-027   0.0000000000000000     
   1.3363200000000002        4.3601957260063666E-027   0.0000000000000000     
   1.3414400000000002        3.1067419918503648E-027   0.0000000000000000     
   1.3465600000000002        2.2115386744154063E-027   0.0000000000000000     
   1.3516800000000002        1.5728019459141142E-027   0.0000000000000000     
   1.3568000000000000        1.1174901027191810E-027   0.0000000000000000     
   1.3619200000000000        7.9323794598996833E-028   0.0000000000000000     
   1.3670400000000000        5.6254002157901366E-028   0.0000000000000000     
   1.3721600000000000        3.9855982364022560E-028   0.0000000000000000     
   1.3772800000000001        2.8211342845264328E-028   0.0000000000000000     
   1.3824000000000001        1.9950057326236614E-028   0.0000000000000000     
   1.3875200000000001        1.4094662641075670E-028   0.0000000000000000     
   1.3926400000000001        9.9484488448465220E-029   0.0000000000000000     
   1.3977600000000001        7.0152993116925289E-029   0.0000000000000000     
   1.4028800000000001        4.9422781933106744E-029   0.0000000000000000     
   1.4080000000000001        3.4785505445227701E-029   0.0000000000000000     
   1.4131200000000002        2.4460177099903996E-029   0.0000000000000000     
   1.4182400000000002        1.7183476148502316E-029   0.0000000000000000     
   1.4233600000000002        1.2060146960706575E-029   0.0000000000000000     
   1.4284800000000002        8.4563767574686730E-030   0.0000000000000000     
   1.4336000000000002        5.9238792311062521E-030   0.0000000000000000     
   1.4387200000000002        4.1458942145333531E-030   0.0000000000000000     
   1.4438400000000000        2.8988142353703410E-030   0.0000000000000000     
   1.4489600000000000        2.0249425322527723E-030   0.0000000000000000     
   1.4540800000000000        1.4131724684732669E-030   0.0000000000000000     
   1.4592000000000001        9.8529840920987287E-031   0.0000000000000000     
   1.4643200000000001        6.8632614556931590E-031   0.0000000000000000     
   1.4694400000000001        4.7762104443905607E-031   0.0000000000000000     
   1.4745600000000001        3.3206760709156482E-031   0.0000000000000000     
   1.4796800000000001        2.3065332498202965E-031   0.0000000000000000     
   1.4848000000000001        1.6006009665459610E-031   0.0000000000000000     
   1.4899200000000001        1.1096769840519930E-031   0.0000000000000000     
   1.4950400000000001        7.6859973473066846E-032   0.0000000000000000     
   1.5001600000000002        5.3185596010397864E-032   0.0000000000000000     
   1.5052800000000002        3.6768674917291957E-032   0.0000000000000000     
   1.5104000000000002        2.5395225624156920E-032   0.0000000000000000     
   1.5155200000000002        1.7523317131971861E-032   0.0000000000000000     
   1.5206400000000002        1.2080105138699217E-032   0.0000000000000000     
   1.5257600000000002        8.3198453922941387E-033   0.0000000000000000     
   1.5308800000000000        5.7246632663378715E-033   0.0000000000000000     
   1.5360000000000000        3.9352722600041336E-033   0.0000000000000000     
   1.5411200000000000        2.7026497741929421E-033   0.0000000000000000     
   1.5462400000000001        1.8543636511494747E-033   0.0000000000000000     
   1.5513600000000001        1.2711306449189375E-033   0.0000000000000000     
   1.5564800000000001        8.7051372038715066E-034   0.0000000000000000     
   1.5616000000000001        5.9559521554997841E-034   0.0000000000000000     
   1.5667200000000001        4.0711483543263131E-034   0.0000000000000000     
   1.5718400000000001        2.7801792971418153E-034   0.0000000000000000     
   1.5769600000000001        1.8967881587479322E-034   0.0000000000000000     
   1.5820800000000002        1.2928704308348686E-034   0.0000000000000000     
   1.5872000000000002        8.8040261578443017E-035   0.0000000000000000     
   1.5923200000000002        5.9895996385711983E-035   0.0000000000000000     
   1.5974400000000002        4.0710310230546057E-035   0.0000000000000000     
   1.6025600000000002        2.7644018708262090E-035   0.0000000000000000     
   1.6076800000000002        1.8753748727868370E-035   0.0000000000000000     
   1.6128000000000002        1.2710573775197054E-035   0.0000000000000000     
   1.6179200000000000        8.6066148188451116E-036   0.0000000000000000     
   1.6230400000000000        5.8222349437618309E-036   0.0000000000000000     
   1.6281600000000001        3.9349320239195825E-036   0.0000000000000000     
   1.6332800000000001        2.6568980523556165E-036   0.0000000000000000     
   1.6384000000000001        1.7922669440739935E-036   0.0000000000000000     
   1.6435200000000001        1.2078712595168379E-036   0.0000000000000000     
   1.6486400000000001        8.1325875762273458E-037   0.0000000000000000     
   1.6537600000000001        5.4704996938980061E-037   0.0000000000000000     
   1.6588800000000001        3.6763376821580982E-037   0.0000000000000000     
   1.6640000000000001        2.4682772577023338E-037   0.0000000000000000     
   1.6691200000000002        1.6556275174384192E-037   0.0000000000000000     
   1.6742400000000002        1.1094851112635885E-037   0.0000000000000000     
   1.6793600000000002        7.4279756175058803E-038   0.0000000000000000     
   1.6844800000000002        4.9683205553518905E-038   0.0000000000000000     
   1.6896000000000002        3.3200062112122409E-038   0.0000000000000000     
   1.6947200000000002        2.2164520074668574E-038   0.0000000000000000     
   1.6998400000000002        1.4783181744040944E-038   0.0000000000000000     
   1.7049600000000000        9.8507126021958444E-039   0.0000000000000000     
   1.7100800000000000        6.5577903647177220E-039   0.0000000000000000     
   1.7152000000000001        4.3615168872225730E-039   0.0000000000000000     
   1.7203200000000001        2.8980624226338496E-039   0.0000000000000000     
   1.7254400000000001        1.9238360624141838E-039   0.0000000000000000     
   1.7305600000000001        1.2759055757235358E-039   0.0000000000000000     
   1.7356800000000001        8.4539399296164347E-040   0.0000000000000000     
   1.7408000000000001        5.5961574902123416E-040   0.0000000000000000     
   1.7459200000000001        3.7009297969809401E-040   0.0000000000000000     
   1.7510400000000002        2.4452423800586885E-040   0.0000000000000000     
   1.7561600000000002        1.6140728400336418E-040   0.0000000000000000     
   1.7612800000000002        1.0644235963495281E-040   0.0000000000000000     
   1.7664000000000002        7.0128735090700909E-041   0.0000000000000000     
   1.7715200000000002        4.6160198319944647E-041   0.0000000000000000     
   1.7766400000000002        3.0354946707821841E-041   0.0000000000000000     
   1.7817600000000002        1.9942584080683871E-041   0.0000000000000000     
   1.7868800000000002        1.3089514456767281E-041   0.0000000000000000     
   1.7920000000000000        8.5833296193970371E-042   0.0000000000000000     
   1.7971200000000001        5.6231308894430935E-042   0.0000000000000000     
   1.8022400000000001        3.6803637372851677E-042   0.0000000000000000     
   1.8073600000000001        2.4065419774001720E-042   0.0000000000000000     
   1.8124800000000001        1.5721221562874585E-042   0.0000000000000000     
   1.8176000000000001        1.0260517927625706E-042   0.0000000000000000     
   1.8227200000000001        6.6902512369888623E-043   0.0000000000000000     
   1.8278400000000001        4.3581855737860338E-043   0.0000000000000000     
   1.8329600000000001        2.8363456763586443E-043   0.0000000000000000     
   1.8380800000000002        1.8441776197010908E-043   0.0000000000000000     
   1.8432000000000002        1.1979439098158263E-043   0.0000000000000000     
   1.8483200000000002        7.7742834149493979E-044   0.0000000000000000     
   1.8534400000000002        5.0405090901777261E-044   0.0000000000000000     
   1.8585600000000002        3.2649654049276166E-044   0.0000000000000000     
   1.8636800000000002        2.1128706670255513E-044   0.0000000000000000     
   1.8688000000000002        1.3660210510273155E-044   0.0000000000000000     
   1.8739200000000003        8.8233197627142730E-045   0.0000000000000000     
   1.8790400000000000        5.6937290123405514E-045   0.0000000000000000     
   1.8841600000000001        3.6707238756263930E-045   0.0000000000000000     
   1.8892800000000001        2.3642684568699333E-045   0.0000000000000000     
   1.8944000000000001        1.5213600503116158E-045   0.0000000000000000     
   1.8995200000000001        9.7804170914620104E-046   0.0000000000000000     
   1.9046400000000001        6.2816378142534221E-046   0.0000000000000000     
   1.9097600000000001        4.0306821955532243E-046   0.0000000000000000     
   1.9148800000000001        2.5838920753071067E-046   0.0000000000000000     
   1.9200000000000002        1.6548564662491720E-046   0.0000000000000000     
   1.9251200000000002        1.0588548760140177E-046   0.0000000000000000     
   1.9302400000000002        6.7686599907961472E-047   0.0000000000000000     
   1.9353600000000002        4.3227399025751240E-047   0.0000000000000000     
   1.9404800000000002        2.7580723823128291E-047   0.0000000000000000     
   1.9456000000000002        1.7580950953535672E-047   0.0000000000000000     
   1.9507200000000002        1.1196163024585994E-047   0.0000000000000000     
   1.9558400000000002        7.1233816457334568E-048   0.0000000000000000     
   1.9609600000000003        4.5278638632588064E-048   0.0000000000000000     
   1.9660800000000003        2.8753496047659668E-048   0.0000000000000000     
   1.9712000000000001        1.8242237310814414E-048   0.0000000000000000     
   1.9763200000000001        1.1562605111345707E-048   0.0000000000000000     
   1.9814400000000001        7.3218939577808859E-049   0.0000000000000000     
   1.9865600000000001        4.6321362367086245E-049   0.0000000000000000     
   1.9916800000000001        2.9277188007978069E-049   0.0000000000000000     
   1.9968000000000001        1.8487047092585584E-049   0.0000000000000000     
   2.0019200000000001        1.1662613457186593E-049   0.0000000000000000     
   2.0070400000000004        7.3504573876606149E-050   0.0000000000000000     
   2.0121600000000002        4.6283159160758627E-050   0.0000000000000000     
   2.0172800000000000        2.9115333840538060E-050   0.0000000000000000     
   2.0224000000000002        1.8298298231266697E-050   0.0000000000000000     
   2.0275200000000000        1.1489199676247996E-050   0.0000000000000000     
   2.0326400000000002        7.2070743330498803E-051   0.0000000000000000     
   2.0377600000000000        4.5166701320295745E-051   0.0000000000000000     
   2.0428800000000003        2.8279250461597772E-051   0.0000000000000000     
   2.0480000000000000        1.7689174383072565E-051   0.0000000000000000     
   2.0531200000000003        1.1054456131489026E-051   0.0000000000000000     
   2.0582400000000001        6.9017201586621331E-052   0.0000000000000000     
   2.0633600000000003        4.3049435403410631E-052   0.0000000000000000     
   2.0684800000000001        2.6826729006576077E-052   0.0000000000000000     
   2.0736000000000003        1.6701602095512765E-052   0.0000000000000000     
   2.0787200000000001        1.0388161469043396E-052   0.0000000000000000     
   2.0838400000000004        6.4551954835061763E-053   0.0000000000000000     
   2.0889600000000002        4.0074697610532472E-053   0.0000000000000000     
   2.0940800000000004        2.4855428676186559E-053   0.0000000000000000     
   2.0992000000000002        1.5401478351740606E-053   0.0000000000000000     
   2.1043200000000000        9.5344075080368644E-054   0.0000000000000000     
   2.1094400000000002        5.8967831704713166E-054   0.0000000000000000     
   2.1145600000000000        3.6435669635919755E-054   0.0000000000000000     
   2.1196800000000002        2.2492022065619721E-054   0.0000000000000000     
   2.1248000000000000        1.3871403164966986E-054   0.0000000000000000     
   2.1299200000000003        8.5467782534284282E-055   0.0000000000000000     
   2.1350400000000000        5.2610766171523392E-055   0.0000000000000000     
   2.1401600000000003        3.2354669280441080E-055   0.0000000000000000     
   2.1452800000000001        1.9878767383548225E-055   0.0000000000000000     
   2.1504000000000003        1.2202029955176587E-055   0.0000000000000000     
   2.1555200000000001        7.4828126232991665E-056   0.0000000000000000     
   2.1606400000000003        4.5844559264733818E-056   0.0000000000000000     
   2.1657600000000001        2.8060853855958267E-056   0.0000000000000000     
   2.1708800000000004        1.7159479500490896E-056   0.0000000000000000     
   2.1760000000000002        1.0483287271578524E-056   0.0000000000000000     
   2.1811200000000004        6.3985418051525558E-057   0.0000000000000000     
   2.1862400000000002        3.9017072894154732E-057   0.0000000000000000     
   2.1913600000000000        2.3769415728281364E-057   0.0000000000000000     
   2.1964800000000002        1.4466799963384454E-057   0.0000000000000000     
   2.2016000000000000        8.7966354544555939E-058   0.0000000000000000     
   2.2067200000000002        5.3438081870836755E-058   0.0000000000000000     
   2.2118400000000000        3.2432115332906135E-058   0.0000000000000000     
   2.2169600000000003        1.9664813811971029E-058   0.0000000000000000     
   2.2220800000000001        1.1912270596863481E-058   0.0000000000000000     
   2.2272000000000003        7.2092387748741485E-059   0.0000000000000000     
   2.2323200000000001        4.3588750301002776E-059   0.0000000000000000     
   2.2374400000000003        2.6329922098451953E-059   0.0000000000000000     
   2.2425600000000001        1.5889670036359176E-059   0.0000000000000000     
   2.2476800000000003        9.5801063813169164E-060   0.0000000000000000     
   2.2528000000000001        5.7705330521591375E-060   0.0000000000000000     
   2.2579200000000004        3.4725753846135275E-060   0.0000000000000000     
   2.2630400000000002        2.0877456152943433E-060   0.0000000000000000     
   2.2681600000000004        1.2539887098273188E-060   0.0000000000000000     
   2.2732800000000002        7.5248841971748981E-061   0.0000000000000000     
   2.2784000000000000        4.5112424015361940E-061   0.0000000000000000     
   2.2835200000000002        2.7019832635902538E-061   0.0000000000000000     
   2.2886400000000000        1.6168111442034850E-061   0.0000000000000000     
   2.2937600000000002        9.6655390917220332E-062   0.0000000000000000     
   2.2988800000000000        5.7727535579224932E-062   0.0000000000000000     
   2.3040000000000003        3.4445310336370911E-062   0.0000000000000000     
   2.3091200000000001        2.0533705761142539E-062   0.0000000000000000     
   2.3142400000000003        1.2229106167962630E-062   0.0000000000000000     
   2.3193600000000001        7.2763276105049671E-063   0.0000000000000000     
   2.3244800000000003        4.3253367188591273E-063   0.0000000000000000     
   2.3296000000000001        2.5687258008512893E-063   0.0000000000000000     
   2.3347200000000004        1.5240728339447856E-063   0.0000000000000000     
   2.3398400000000001        9.0340781768386793E-064   0.0000000000000000     
   2.3449600000000004        5.3499794662631657E-064   0.0000000000000000     
   2.3500800000000002        3.1652683426790503E-064   0.0000000000000000     
   2.3552000000000004        1.8709367319454571E-064   0.0000000000000000     
   2.3603200000000002        1.1048360008325560E-064   0.0000000000000000     
   2.3654400000000000        6.5181849795383779E-065   0.0000000000000000     
   2.3705600000000002        3.8418967878489786E-065   0.0000000000000000     
   2.3756800000000000        2.2623242667326997E-065   0.0000000000000000     
   2.3808000000000002        1.3309267773153424E-065   0.0000000000000000     
   2.3859200000000000        7.8224648445602469E-066   0.0000000000000000     
   2.3910400000000003        4.5932832290193933E-066   0.0000000000000000     
   2.3961600000000001        2.6945917719635612E-066   0.0000000000000000     
   2.4012800000000003        1.5792572576342696E-066   0.0000000000000000     
   2.4064000000000001        9.2470441638288176E-067   0.0000000000000000     
   2.4115200000000003        5.4093256884628790E-067   0.0000000000000000     
   2.4166400000000001        3.1613565321233348E-067   0.0000000000000000     
   2.4217600000000004        1.8458396591956896E-067   0.0000000000000000     
   2.4268800000000001        1.0767245528746220E-067   0.0000000000000000     
   2.4320000000000004        6.2748797632239825E-068   0.0000000000000000     
   2.4371200000000002        3.6533926330528741E-068   0.0000000000000000     
   2.4422400000000004        2.1250905363183225E-068   0.0000000000000000     
   2.4473600000000002        1.2349480084776328E-068   0.0000000000000000     
   2.4524800000000000        7.1698498243282080E-069   0.0000000000000000     
   2.4576000000000002        4.1587383066036154E-069   0.0000000000000000     
   2.4627200000000000        2.4099235991177323E-069   0.0000000000000000     
   2.4678400000000003        1.3951956213342761E-069   0.0000000000000000     
   2.4729600000000000        8.0696943020958910E-070   0.0000000000000000     
   2.4780800000000003        4.6630407387431420E-070   0.0000000000000000     
   2.4832000000000001        2.6919778659304901E-070   0.0000000000000000     
   2.4883200000000003        1.5526154661369358E-070   0.0000000000000000     
   2.4934400000000001        8.9463622556240285E-071   0.0000000000000000     
   2.4985600000000003        5.1501419519294237E-071   0.0000000000000000     
   2.5036800000000001        2.9619796319707168E-071   0.0000000000000000     
   2.5088000000000004        1.7019040991310236E-071   0.0000000000000000     
   2.5139200000000002        9.7696329901666688E-072   0.0000000000000000     
   2.5190400000000004        5.6028831124871689E-072   0.0000000000000000     
   2.5241600000000002        3.2102216826445015E-072   0.0000000000000000     
   2.5292800000000004        1.8375900622465150E-072   0.0000000000000000     
   2.5344000000000002        1.0508782210397420E-072   0.0000000000000000     
   2.5395200000000000        6.0040776177769129E-073   0.0000000000000000     
   2.5446400000000002        3.4271282163137241E-073   0.0000000000000000     
   2.5497600000000000        1.9543599563254735E-073   0.0000000000000000     
   2.5548800000000003        1.1134453525983009E-073   0.0000000000000000     
   2.5600000000000001        6.3375792993652389E-074   0.0000000000000000     
