           0   5.0389299978481716     
           1   4.5385176027002343     
           2   3.5679142370418746     
           3   2.7662647532297746     
           4   2.2518593629577808     
           5   1.9498446379060299     
           6   1.7892561167920946     
           7   1.7326455152103226     
           8   1.7612189660823865     
           9   1.8467232030313230     
          10   1.9394808480517618     
          11   1.9926273664668481     
          12   1.9871019510444390     
          13   1.9298078714991662     
          14   1.8386419271837533     
          15   1.7317081389532873     
          16   1.6221160806740191     
          17   1.5140030052337221     
          18   1.4093020030502479     
          19   1.3173647618482405     
          20   1.2530781880165547     
          21   1.2261929557605327     
          22   1.2329131349755680     
          23   1.2486717520999182     
          24   1.2365875411057021     
          25   1.1783598223771210     
          26   1.0920896260254720     
          27   1.0284715185837707     
          28   1.0069204504134537     
          29   1.0384169428639436     
          30   1.1434632155900648     
          31   1.3053958095861313     
          32   1.4535142875078093     
          33   1.6852523477392496     
          34   1.9952253294410605     
          35   2.1087521326855634     
          36   1.9200718874457725     
          37   1.6454078485864776     
          38   1.4572198751417358     
          39   1.3679855839786421     
          40   1.3278627451860217     
          41   1.3163016666620788     
          42   1.4322388409897324     
          43   1.7507969189518651     
          44   2.2065504239829914     
          45   2.5814264228937573     
          46   2.7360211849439477     
          47   2.6596679590834889     
          48   2.4072177178800085     
          49   2.1405540304162805     
          50   1.9652668442843300     
          51   1.8501472072576430     
          52   1.7897436074689641     
          53   1.7675172777664900     
          54   1.6779623651062794     
          55   1.4838158342624033     
          56   1.2636946692784299     
          57   1.0936518739325900     
          58   1.0200507573590007     
          59  0.99197062229059074     
          60  0.98175702855922264     
          61   1.0079717191414357     
          62   1.0576016441085598     
          63   1.0881974082818486     
          64   1.1624895995360445     
          65   1.3268141517967678     
          66   1.3865216824637501     
          67   1.2374092027238968     
          68   1.0901301433018253     
          69   1.0308720746546052     
          70  0.95273176288068806     
          71  0.87784159561908315     
          72  0.86767085988585246     
          73  0.90474269568533994     
          74  0.94403169222262817     
          75  0.97545746929907762     
          76   1.0048913258169638     
          77   1.0737435005748044     
          78   1.1863200959323859     
          79   1.3082999709377670     
          80   1.4475037855964688     
          81   1.5990491837742995     
          82   1.7336608594608138     
          83   1.9083678692120878     
          84   2.1383191074535755     
          85   2.2606220346606474     
          86   2.1440367182738513     
          87   1.8413354913676072     
          88   1.4730097524537233     
          89   1.1945168722125532     
          90   1.1004814166966590     
          91   1.1300800235807380     
          92   1.1953923295734221     
          93   1.2714930492894725     
          94   1.3872003428520401     
          95   1.5380896304943437     
          96   1.6588580725387652     
          97   1.6488845852855147     
          98   1.5377638938587919     
          99   1.4700634826652448     
         100   1.4573485159908595     
         101   1.3662678022337924     
         102   1.2514750304893418     
         103   1.1930465993465496     
         104   1.1554469655428092     
         105   1.1402609245856952     
         106   1.1536997678394454     
         107   1.1580466297993477     
         108   1.1100808504919839     
         109   1.0357026455635032     
         110  0.99594247148561932     
         111  0.98843718132666081     
         112  0.98043168936482328     
         113  0.96558466266312748     
         114  0.93726991830375517     
         115  0.94607811814672382     
         116   1.0278701967545947     
         117   1.2060310862083770     
         118   1.4873536710339090     
         119   1.7980742723619452     
         120   2.0269483703475659     
         121   2.0819428237017448     
         122   1.9604928428445783     
         123   1.7646274475678414     
         124   1.6606053732364250     
         125   1.7010809462074312     
         126   1.7892875642815529     
         127   1.9888140204382427     
         128   2.3861913172054692     
         129   2.9366248568593480     
         130   3.5180496332718874     
         131   3.8300956960783314     
         132   3.5664399437162855     
         133   2.9006484818500540     
         134   2.3451477594269696     
         135   2.0542612325951999     
         136   1.8948979330217783     
         137   1.8013992201058857     
         138   1.7390830416850789     
         139   1.7105376267575203     
         140   1.7219353113301961     
         141   1.7629239922681936     
         142   1.8127348954923637     
         143   1.8363066074791505     
         144   1.8494351035289667     
         145   1.8474102478900818     
         146   1.8573792322828928     
         147   1.9043259153525007     
         148   1.9605578298637543     
         149   2.0010057272160462     
         150   2.0178767475824326     
         151   1.9940913944284560     
         152   1.9133576161380841     
         153   1.8051087267025228     
         154   1.6837110546554919     
         155   1.5545718351201430     
         156   1.4472442707978579     
         157   1.3171259263679456     
         158   1.1916915316177925     
         159   1.1391345456683100     
         160   1.1375122329747236     
         161   1.1766120466792271     
         162   1.2844110352742799     
         163   1.4967761289626371     
         164   1.9146123712212928     
         165   2.4800521955708330     
         166   2.7415104359330278     
         167   2.5003171384598124     
         168   2.0909163675637998     
         169   1.8270456641717407     
         170   1.7184675607518938     
         171   1.7234607462288500     
         172   1.8149667320470786     
         173   2.0022329100609801     
         174   2.3359950500513000     
         175   2.7988466632854103     
         176   3.1645037769699513     
         177   3.2177671025253289     
         178   2.9652652681528284     
         179   2.5706971902372198     
         180   2.2056512356511653     
         181   1.9555842557348488     
         182   1.8132374115931809     
         183   1.7632776178693377     
         184   1.7724622614731200     
         185   1.7346038498291994     
         186   1.5936242651968227     
         187   1.4404949867686665     
         188   1.3616566220058686     
         189   1.3474559320575892     
         190   1.3554199623897201     
         191   1.3104290475135731     
         192   1.2090589672186707     
         193   1.1523440749317539     
         194   1.1978711682126635     
         195   1.3389749826821560     
         196   1.5358718814367449     
         197   1.6514862668359025     
         198   1.5580834614214192     
         199   1.4222534614836047     
         200   1.4196586659482122     
         201   1.4041097302849765     
         202   1.3355977444898850     
         203   1.3247241270579002     
         204   1.3693305238961262     
         205   1.3834703419122016     
         206   1.3124903517992590     
         207   1.1686910897662450     
         208   1.0417692492771526     
         209   1.0621754191608819     
         210   1.2410701334612928     
         211   1.4206006406711109     
         212   1.5227937097052631     
         213   1.5822520338393447     
         214   1.6631705397446199     
         215   1.8118948745185954     
         216   1.9128623565049581     
         217   1.8678340863268326     
         218   1.7591120510366529     
         219   1.6500287135319627     
         220   1.4905573668396481     
         221   1.3433030623398550     
         222   1.3281353516256504     
