  -5.1200000000000001        6.1176610834171065E-002   0.0000000000000000     
  -5.1100000000000003        5.3645009252127500E-002   0.0000000000000000     
  -5.1000000000000005        4.6920793741700190E-002   0.0000000000000000     
  -5.0899999999999999        4.0934877102254061E-002   0.0000000000000000     
  -5.0800000000000001        3.5621626542392350E-002   0.0000000000000000     
  -5.0700000000000003        3.0919048199311520E-002   0.0000000000000000     
  -5.0600000000000005        2.6768904675013656E-002   0.0000000000000000     
  -5.0499999999999998        2.3116772598236537E-002   0.0000000000000000     
  -5.0400000000000000        1.9912047300871340E-002   0.0000000000000000     
  -5.0300000000000002        1.7107901632594135E-002   0.0000000000000000     
  -5.0200000000000005        1.4661205748083923E-002   0.0000000000000000     
  -5.0099999999999998        1.2532414408364053E-002   0.0000000000000000     
  -5.0000000000000000        1.0685427961915482E-002   0.0000000000000000     
  -4.9900000000000002        9.0874327318348058E-003   0.0000000000000000     
  -4.9800000000000004        7.7087260507598173E-003   0.0000000000000000     
  -4.9699999999999998        6.5225306723205841E-003   0.0000000000000000     
  -4.9600000000000000        5.5048027614950793E-003   0.0000000000000000     
  -4.9500000000000002        4.6340371395644170E-003   0.0000000000000000     
  -4.9400000000000004        3.8910729435323432E-003   0.0000000000000000     
  -4.9299999999999997        3.2589023641129626E-003   0.0000000000000000     
  -4.9199999999999999        2.7224846580294706E-003   0.0000000000000000     
  -4.9100000000000001        2.2685671949549940E-003   0.0000000000000000     
  -4.9000000000000004        1.8855149008673636E-003   0.0000000000000000     
  -4.8899999999999997        1.5631491003039654E-003   0.0000000000000000     
  -4.8799999999999999        1.2925964411042606E-003   0.0000000000000000     
  -4.8700000000000001        1.0661483067079163E-003   0.0000000000000000     
  -4.8600000000000003        8.7713088199181774E-004   0.0000000000000000     
  -4.8499999999999996        7.1978583727925951E-004   0.0000000000000000     
  -4.8399999999999999        5.8916142925617774E-004   0.0000000000000000     
  -4.8300000000000001        4.8101368437269396E-004   0.0000000000000000     
  -4.8200000000000003        3.9171722690162426E-004   0.0000000000000000     
  -4.8100000000000005        3.1818523701966428E-004   0.0000000000000000     
  -4.7999999999999998        2.5779797087327710E-004   0.0000000000000000     
  -4.7900000000000000        2.0833924143211777E-004   0.0000000000000000     
  -4.7800000000000002        1.6794024297323780E-004   0.0000000000000000     
  -4.7700000000000005        1.3503010040394380E-004   0.0000000000000000     
  -4.7599999999999998        1.0829253465458097E-004   0.0000000000000000     
  -4.7500000000000000        8.6628054627229387E-005   0.0000000000000000     
  -4.7400000000000002        6.9121112498432395E-005   0.0000000000000000     
  -4.7300000000000004        5.5011690629219373E-005   0.0000000000000000     
  -4.7199999999999998        4.3670823276472887E-005   0.0000000000000000     
  -4.7100000000000000        3.4579593316874034E-005   0.0000000000000000     
  -4.7000000000000002        2.7311182113118104E-005   0.0000000000000000     
  -4.6900000000000004        2.1515588513218105E-005   0.0000000000000000     
  -4.6799999999999997        1.6906670015530976E-005   0.0000000000000000     
  -4.6699999999999999        1.3251194768046210E-005   0.0000000000000000     
  -4.6600000000000001        1.0359626867585058E-005   0.0000000000000000     
  -4.6500000000000004        8.0783990824379282E-006   0.0000000000000000     
  -4.6400000000000006        6.2834564521486323E-006   0.0000000000000000     
  -4.6299999999999999        4.8748811250157808E-006   0.0000000000000000     
  -4.6200000000000001        3.7724332570695464E-006   0.0000000000000000     
  -4.6100000000000003        2.9118648549037408E-006   0.0000000000000000     
  -4.5999999999999996        2.2418831833876418E-006   0.0000000000000000     
  -4.5899999999999999        1.7216578958938004E-006   0.0000000000000000     
  -4.5800000000000001        1.3187815202135722E-006   0.0000000000000000     
  -4.5700000000000003        1.0076065031157539E-006   0.0000000000000000     
  -4.5600000000000005        7.6789384314530627E-007   0.0000000000000000     
  -4.5499999999999998        5.8371858898874220E-007   0.0000000000000000     
  -4.5400000000000000        4.4258631099448932E-007   0.0000000000000000     
  -4.5300000000000002        3.3472222157279293E-007   0.0000000000000000     
  -4.5200000000000005        2.5250107307856759E-007   0.0000000000000000     
  -4.5099999999999998        1.8999143620178256E-007   0.0000000000000000     
  -4.5000000000000000        1.4259258364419358E-007   0.0000000000000000     
  -4.4900000000000002        1.0674608730137577E-007   0.0000000000000000     
  -4.4800000000000004        7.9707485195760166E-008   0.0000000000000000     
  -4.4699999999999998        5.9366078755243125E-008   0.0000000000000000     
  -4.4600000000000000        4.4103162792083657E-008   0.0000000000000000     
  -4.4500000000000002        3.2680840819199235E-008   0.0000000000000000     
  -4.4400000000000004        2.4155099048170011E-008   0.0000000000000000     
  -4.4299999999999997        1.7808057056732766E-008   0.0000000000000000     
  -4.4199999999999999        1.3095327648369004E-008   0.0000000000000000     
  -4.4100000000000001        9.6052420711607864E-009   0.0000000000000000     
  -4.4000000000000004        7.0273627874620567E-009   0.0000000000000000     
  -4.3900000000000006        5.1282424519517079E-009   0.0000000000000000     
  -4.3799999999999999        3.7328182020635801E-009   0.0000000000000000     
  -4.3700000000000001        2.7101744310531267E-009   0.0000000000000000     
  -4.3600000000000003        1.9626812017666808E-009   0.0000000000000000     
  -4.3499999999999996        1.4177328320169670E-009   0.0000000000000000     
  -4.3399999999999999        1.0214830056981219E-009   0.0000000000000000     
  -4.3300000000000001        7.3410808864311178E-010   0.0000000000000000     
  -4.3200000000000003        5.2623652422989285E-010   0.0000000000000000     
  -4.3100000000000005        3.7626522392536765E-010   0.0000000000000000     
  -4.2999999999999998        2.6834857208172631E-010   0.0000000000000000     
  -4.2900000000000000        1.9089590462288181E-010   0.0000000000000000     
  -4.2800000000000002        1.3545219552325669E-010   0.0000000000000000     
  -4.2700000000000005        9.5866660945905056E-011   0.0000000000000000     
  -4.2599999999999998        6.7677026355474672E-011   0.0000000000000000     
  -4.2500000000000000        4.7654843744993578E-011   0.0000000000000000     
  -4.2400000000000002        3.3470711656123758E-011   0.0000000000000000     
  -4.2300000000000004        2.3448494150610820E-011   0.0000000000000000     
  -4.2199999999999998        1.6385401361288444E-011   0.0000000000000000     
  -4.2100000000000000        1.1420663216078027E-011   0.0000000000000000     
  -4.2000000000000002        7.9399484079974663E-012   0.0000000000000000     
  -4.1900000000000004        5.5059992885379155E-012   0.0000000000000000     
  -4.1799999999999997        3.8084366525044395E-012   0.0000000000000000     
  -4.1699999999999999        2.6275406050042015E-012   0.0000000000000000     
  -4.1600000000000001        1.8081907821517010E-012   0.0000000000000000     
  -4.1500000000000004        1.2411697447689968E-012   0.0000000000000000     
  -4.1400000000000006        8.4978727757461955E-013   0.0000000000000000     
  -4.1299999999999999        5.8033850144908530E-013   0.0000000000000000     
  -4.1200000000000001        3.9531624170223713E-013   0.0000000000000000     
  -4.1100000000000003        2.6859631279131099E-013   0.0000000000000000     
  -4.0999999999999996        1.8203192003143091E-013   0.0000000000000000     
  -4.0899999999999999        1.2305157254594394E-013   0.0000000000000000     
  -4.0800000000000001        8.2969581816536549E-014   0.0000000000000000     
  -4.0700000000000003        5.5801098550965495E-014   0.0000000000000000     
  -4.0600000000000005        3.7433351429003141E-014   0.0000000000000000     
  -4.0499999999999998        2.5047638621651487E-014   0.0000000000000000     
  -4.0400000000000000        1.6717332517246725E-014   0.0000000000000000     
  -4.0300000000000002        1.1129080602023976E-014   0.0000000000000000     
  -4.0199999999999996        7.3899875960923393E-015   0.0000000000000000     
  -4.0099999999999998        4.8946342617325102E-015   0.0000000000000000     
  -4.0000000000000000        3.2336193655048520E-015   0.0000000000000000     
  -3.9900000000000002        2.1308342218306432E-015   0.0000000000000000     
  -3.9800000000000000        1.4005626608483465E-015   0.0000000000000000     
  -3.9699999999999998        9.1822167313068389E-016   0.0000000000000000     
  -3.9600000000000000        6.0046078499679403E-016   0.0000000000000000     
  -3.9500000000000002        3.9166419821829199E-016   0.0000000000000000     
  -3.9400000000000004        2.5482099938451034E-016   0.0000000000000000     
  -3.9300000000000002        1.6536693205226873E-016   0.0000000000000000     
  -3.9199999999999999        1.0704200585087892E-016   0.0000000000000000     
  -3.9100000000000001        6.9111755234225678E-017   0.0000000000000000     
  -3.9000000000000004        4.4508373297881054E-017   0.0000000000000000     
  -3.8900000000000001        2.8590624101772311E-017   0.0000000000000000     
  -3.8799999999999999        1.8318827121950299E-017   0.0000000000000000     
  -3.8700000000000001        1.1707490322506516E-017   0.0000000000000000     
  -3.8600000000000003        7.4631481966479240E-018   0.0000000000000000     
  -3.8500000000000001        4.7453957656701367E-018   0.0000000000000000     
  -3.8399999999999999        3.0096426039110432E-018   0.0000000000000000     
  -3.8300000000000001        1.9039236494167439E-018   0.0000000000000000     
  -3.8200000000000003        1.2013685141634124E-018   0.0000000000000000     
  -3.8100000000000001        7.5612757689650294E-019   0.0000000000000000     
  -3.7999999999999998        4.7468556406737377E-019   0.0000000000000000     
  -3.7900000000000000        2.9724125470077204E-019   0.0000000000000000     
  -3.7800000000000002        1.8565397923280271E-019   0.0000000000000000     
  -3.7700000000000000        1.1566222783210213E-019   0.0000000000000000     
  -3.7599999999999998        7.1873858298664084E-020   0.0000000000000000     
  -3.7500000000000000        4.4549463645027713E-020   0.0000000000000000     
  -3.7400000000000002        2.7542674846375493E-020   0.0000000000000000     
  -3.7300000000000000        1.6984855846173424E-020   0.0000000000000000     
  -3.7199999999999998        1.0447436261157664E-020   0.0000000000000000     
  -3.7100000000000000        6.4098772081294651E-021   0.0000000000000000     
  -3.7000000000000002        3.9226702748156285E-021   0.0000000000000000     
  -3.6900000000000004        2.3944513290507959E-021   0.0000000000000000     
  -3.6800000000000002        1.4578818788856511E-021   0.0000000000000000     
  -3.6699999999999999        8.8538217985318010E-022   0.0000000000000000     
  -3.6600000000000001        5.3632906151375215E-022   0.0000000000000000     
  -3.6500000000000004        3.2405893371483399E-022   0.0000000000000000     
  -3.6400000000000001        1.9530294037115473E-022   0.0000000000000000     
  -3.6299999999999999        1.1740475315721704E-022   0.0000000000000000     
  -3.6200000000000001        7.0397087631193191E-023   0.0000000000000000     
  -3.6100000000000003        4.2103269307491249E-023   0.0000000000000000     
  -3.6000000000000001        2.5117074992358389E-023   0.0000000000000000     
  -3.5899999999999999        1.4945636636145246E-023   0.0000000000000000     
  -3.5800000000000001        8.8705774301749787E-024   0.0000000000000000     
  -3.5700000000000003        5.2514771211153900E-024   0.0000000000000000     
  -3.5600000000000001        3.1010100885457360E-024   0.0000000000000000     
  -3.5499999999999998        1.8264887235525166E-024   0.0000000000000000     
  -3.5400000000000000        1.0730573316904926E-024   0.0000000000000000     
  -3.5300000000000002        6.2881221852034574E-025   0.0000000000000000     
  -3.5200000000000000        3.6754551907647883E-025   0.0000000000000000     
  -3.5099999999999998        2.1428580736723055E-025   0.0000000000000000     
  -3.5000000000000000        1.2461427574906322E-025   0.0000000000000000     
  -3.4900000000000002        7.2282689349676576E-026   0.0000000000000000     
  -3.4800000000000000        4.1820856416076257E-026   0.0000000000000000     
  -3.4699999999999998        2.4134797346565043E-026   0.0000000000000000     
  -3.4600000000000000        1.3892695138806486E-026   0.0000000000000000     
  -3.4500000000000002        7.9766671385914143E-027   0.0000000000000000     
  -3.4400000000000004        4.5682361719864054E-027   0.0000000000000000     
  -3.4300000000000002        2.6095627339533665E-027   0.0000000000000000     
  -3.4199999999999999        1.4868907168576854E-027   0.0000000000000000     
  -3.4100000000000001        8.4505013030099161E-028   0.0000000000000000     
  -3.4000000000000004        4.7904687435293195E-028   0.0000000000000000     
  -3.3900000000000001        2.7087296615378057E-028   0.0000000000000000     
  -3.3799999999999999        1.5277258626824948E-028   0.0000000000000000     
  -3.3700000000000001        8.5944346357872578E-029   0.0000000000000000     
  -3.3600000000000003        4.8226007556433021E-029   0.0000000000000000     
  -3.3500000000000001        2.6992146448025664E-029   0.0000000000000000     
  -3.3399999999999999        1.5069042162539751E-029   0.0000000000000000     
  -3.3300000000000001        8.3912370365914197E-030   0.0000000000000000     
  -3.3200000000000003        4.6607783001785919E-030   0.0000000000000000     
  -3.3100000000000001        2.5821592083765074E-030   0.0000000000000000     
  -3.2999999999999998        1.4269202513407021E-030   0.0000000000000000     
  -3.2900000000000000        7.8651770264784009E-031   0.0000000000000000     
  -3.2800000000000002        4.3242362897691150E-031   0.0000000000000000     
  -3.2700000000000000        2.3713870672488104E-031   0.0000000000000000     
  -3.2599999999999998        1.2971422096528866E-031   0.0000000000000000     
  -3.2500000000000000        7.0772551183600304E-032   0.0000000000000000     
  -3.2400000000000002        3.8515383402350997E-032   0.0000000000000000     
  -3.2300000000000000        2.0907192329710312E-032   0.0000000000000000     
  -3.2199999999999998        1.1320075364334308E-032   0.0000000000000000     
  -3.2100000000000000        6.1135720772294531E-033   0.0000000000000000     
  -3.2000000000000002        3.2933119507376545E-033   0.0000000000000000     
  -3.1900000000000004        1.7695499175491630E-033   0.0000000000000000     
  -3.1800000000000002        9.4838544707530970E-034   0.0000000000000000     
  -3.1699999999999999        5.0698960953213658E-034   0.0000000000000000     
  -3.1600000000000001        2.7033691362857706E-034   0.0000000000000000     
  -3.1500000000000004        1.4378174777240731E-034   0.0000000000000000     
  -3.1400000000000001        7.6277118854270851E-035   0.0000000000000000     
  -3.1299999999999999        4.0362393979045522E-035   0.0000000000000000     
  -3.1200000000000001        2.1303534743830458E-035   0.0000000000000000     
  -3.1099999999999999        1.1215497299709057E-035   0.0000000000000000     
  -3.1000000000000001        5.8894876611865648E-036   0.0000000000000000     
  -3.0899999999999999        3.0848113642008854E-036   0.0000000000000000     
  -3.0800000000000001        1.6116540459552000E-036   0.0000000000000000     
  -3.0700000000000003        8.3986048465276753E-037   0.0000000000000000     
  -3.0600000000000001        4.3655059898501319E-037   0.0000000000000000     
  -3.0500000000000003        2.2633626424523092E-037   0.0000000000000000     
  -3.0400000000000000        1.1704848941008077E-037   0.0000000000000000     
  -3.0300000000000002        6.0376731360730452E-038   0.0000000000000000     
  -3.0200000000000000        3.1064580775317042E-038   0.0000000000000000     
  -3.0100000000000002        1.5942393012418450E-038   0.0000000000000000     
  -3.0000000000000000        8.1608170149404490E-039   0.0000000000000000     
  -2.9900000000000002        4.1668309728382351E-039   0.0000000000000000     
  -2.9800000000000000        2.1221214840560170E-039   0.0000000000000000     
  -2.9700000000000002        1.0780197446747070E-039   0.0000000000000000     
  -2.9600000000000000        5.4622969130300612E-040   0.0000000000000000     
  -2.9500000000000002        2.7606796000962563E-040   0.0000000000000000     
  -2.9399999999999999        1.3917102428025116E-040   0.0000000000000000     
  -2.9300000000000002        6.9979970635448920E-041   0.0000000000000000     
  -2.9199999999999999        3.5098681558344110E-041   0.0000000000000000     
  -2.9100000000000001        1.7559007521377836E-041   0.0000000000000000     
  -2.8999999999999999        8.7619595015538474E-042   0.0000000000000000     
  -2.8900000000000001        4.3610858186317880E-042   0.0000000000000000     
  -2.8799999999999999        2.1651108635503021E-042   0.0000000000000000     
  -2.8700000000000001        1.0721554562848061E-042   0.0000000000000000     
  -2.8599999999999999        5.2957502554542722E-043   0.0000000000000000     
  -2.8500000000000001        2.6090917188297565E-043   0.0000000000000000     
  -2.8399999999999999        1.2821632113235705E-043   0.0000000000000000     
  -2.8300000000000001        6.2847700440504959E-044   0.0000000000000000     
  -2.8199999999999998        3.0727525417833161E-044   0.0000000000000000     
  -2.8100000000000001        1.4985039643461988E-044   0.0000000000000000     
  -2.8000000000000003        7.2892076221626651E-045   0.0000000000000000     
  -2.7900000000000000        3.5366726165840898E-045   0.0000000000000000     
  -2.7800000000000002        1.7115969888662441E-045   0.0000000000000000     
  -2.7700000000000000        8.2622871121954021E-046   0.0000000000000000     
  -2.7600000000000002        3.9782417061292581E-046   0.0000000000000000     
  -2.7500000000000000        1.9106193171203767E-046   0.0000000000000000     
  -2.7400000000000002        9.1527010486221871E-047   0.0000000000000000     
  -2.7300000000000000        4.3733728572861989E-047   0.0000000000000000     
  -2.7200000000000002        2.0843749628446554E-047   0.0000000000000000     
  -2.7100000000000000        9.9089424309930318E-048   0.0000000000000000     
  -2.7000000000000002        4.6986259987763346E-048   0.0000000000000000     
  -2.6899999999999999        2.2223198445275588E-048   0.0000000000000000     
  -2.6800000000000002        1.0484177525220823E-048   0.0000000000000000     
  -2.6699999999999999        4.9334903449981379E-049   0.0000000000000000     
  -2.6600000000000001        2.3156147852957788E-049   0.0000000000000000     
  -2.6499999999999999        1.0841027846219765E-049   0.0000000000000000     
  -2.6400000000000001        5.0625196366943476E-050   0.0000000000000000     
  -2.6299999999999999        2.3580613304043595E-050   0.0000000000000000     
  -2.6200000000000001        1.0955585354707279E-050   0.0000000000000000     
  -2.6099999999999999        5.0770120239096415E-051   0.0000000000000000     
  -2.6000000000000001        2.3467828829791924E-051   0.0000000000000000     
  -2.5899999999999999        1.0820061932213858E-051   0.0000000000000000     
  -2.5800000000000001        4.9759808017808309E-052   0.0000000000000000     
  -2.5699999999999998        2.2825471655639272E-052   0.0000000000000000     
  -2.5600000000000001        8.8705774301747906E-024   0.0000000000000000     
  -2.5500000000000003        1.4945636636145246E-023   0.0000000000000000     
  -2.5400000000000000        2.5117074992358389E-023   0.0000000000000000     
  -2.5300000000000002        4.2103269307491249E-023   0.0000000000000000     
  -2.5200000000000000        7.0397087631191698E-023   0.0000000000000000     
  -2.5100000000000002        1.1740475315721704E-022   0.0000000000000000     
  -2.5000000000000000        1.9530294037115196E-022   0.0000000000000000     
  -2.4900000000000002        3.2405893371483399E-022   0.0000000000000000     
  -2.4800000000000000        5.3632906151374453E-022   0.0000000000000000     
  -2.4700000000000002        8.8538217985318010E-022   0.0000000000000000     
  -2.4600000000000000        1.4578818788856304E-021   0.0000000000000000     
  -2.4500000000000002        2.3944513290507959E-021   0.0000000000000000     
  -2.4399999999999999        3.9226702748155736E-021   0.0000000000000000     
  -2.4300000000000002        6.4098772081294651E-021   0.0000000000000000     
  -2.4199999999999999        1.0447436261157664E-020   0.0000000000000000     
  -2.4100000000000001        1.6984855846173545E-020   0.0000000000000000     
  -2.3999999999999999        2.7542674846375493E-020   0.0000000000000000     
  -2.3900000000000001        4.4549463645028345E-020   0.0000000000000000     
  -2.3799999999999999        7.1873858298664084E-020   0.0000000000000000     
  -2.3700000000000001        1.1566222783210297E-019   0.0000000000000000     
  -2.3599999999999999        1.8565397923280271E-019   0.0000000000000000     
  -2.3500000000000001        2.9724125470077416E-019   0.0000000000000000     
  -2.3399999999999999        4.7468556406737377E-019   0.0000000000000000     
  -2.3300000000000001        7.5612757689651362E-019   0.0000000000000000     
  -2.3199999999999998        1.2013685141634124E-018   0.0000000000000000     
  -2.3100000000000001        1.9039236494167304E-018   0.0000000000000000     
  -2.3000000000000003        3.0096426039110432E-018   0.0000000000000000     
  -2.2900000000000000        4.7453957656700689E-018   0.0000000000000000     
  -2.2800000000000002        7.4631481966479240E-018   0.0000000000000000     
  -2.2700000000000000        1.1707490322506433E-017   0.0000000000000000     
  -2.2600000000000002        1.8318827121950299E-017   0.0000000000000000     
  -2.2500000000000000        2.8590624101771904E-017   0.0000000000000000     
  -2.2400000000000002        4.4508373297881054E-017   0.0000000000000000     
  -2.2300000000000000        6.9111755234225185E-017   0.0000000000000000     
  -2.2200000000000002        1.0704200585087892E-016   0.0000000000000000     
  -2.2100000000000000        1.6536693205226755E-016   0.0000000000000000     
  -2.2000000000000002        2.5482099938451034E-016   0.0000000000000000     
  -2.1899999999999999        3.9166419821828642E-016   0.0000000000000000     
  -2.1800000000000002        6.0046078499679403E-016   0.0000000000000000     
  -2.1699999999999999        9.1822167313067739E-016   0.0000000000000000     
  -2.1600000000000001        1.4005626608483565E-015   0.0000000000000000     
  -2.1499999999999999        2.1308342218306432E-015   0.0000000000000000     
  -2.1400000000000001        3.2336193655048749E-015   0.0000000000000000     
  -2.1299999999999999        4.8946342617325102E-015   0.0000000000000000     
  -2.1200000000000001        7.3899875960924434E-015   0.0000000000000000     
  -2.1099999999999999        1.1129080602023976E-014   0.0000000000000000     
  -2.1000000000000001        1.6717332517246842E-014   0.0000000000000000     
  -2.0899999999999999        2.5047638621651487E-014   0.0000000000000000     
  -2.0800000000000001        3.7433351429003406E-014   0.0000000000000000     
  -2.0699999999999998        5.5801098550965495E-014   0.0000000000000000     
  -2.0600000000000001        8.2969581816537432E-014   0.0000000000000000     
  -2.0499999999999998        1.2305157254594394E-013   0.0000000000000000     
  -2.0400000000000000        1.8203192003142897E-013   0.0000000000000000     
  -2.0300000000000002        2.6859631279131099E-013   0.0000000000000000     
  -2.0200000000000000        3.9531624170223147E-013   0.0000000000000000     
  -2.0100000000000002        5.8033850144908530E-013   0.0000000000000000     
  -2.0000000000000000        8.4978727757461955E-013   0.0000000000000000     
  -1.9900000000000002        1.2411697447689968E-012   0.0000000000000000     
  -1.9800000000000000        1.8081907821517010E-012   0.0000000000000000     
  -1.9700000000000002        2.6275406050042015E-012   0.0000000000000000     
  -1.9600000000000000        3.8084366525044670E-012   0.0000000000000000     
  -1.9500000000000002        5.5059992885379155E-012   0.0000000000000000     
  -1.9399999999999999        7.9399484079975778E-012   0.0000000000000000     
  -1.9300000000000002        1.1420663216078027E-011   0.0000000000000000     
  -1.9199999999999999        1.6385401361288444E-011   0.0000000000000000     
  -1.9100000000000001        2.3448494150610568E-011   0.0000000000000000     
  -1.8999999999999999        3.3470711656123758E-011   0.0000000000000000     
  -1.8900000000000001        4.7654843744993074E-011   0.0000000000000000     
  -1.8799999999999999        6.7677026355474672E-011   0.0000000000000000     
  -1.8700000000000001        9.5866660945904048E-011   0.0000000000000000     
  -1.8599999999999999        1.3545219552325669E-010   0.0000000000000000     
  -1.8500000000000001        1.9089590462288044E-010   0.0000000000000000     
  -1.8399999999999999        2.6834857208172631E-010   0.0000000000000000     
  -1.8300000000000001        3.7626522392536765E-010   0.0000000000000000     
  -1.8199999999999998        5.2623652422989285E-010   0.0000000000000000     
  -1.8100000000000001        7.3410808864311178E-010   0.0000000000000000     
  -1.7999999999999998        1.0214830056981219E-009   0.0000000000000000     
  -1.7900000000000000        1.4177328320169670E-009   0.0000000000000000     
  -1.7800000000000002        1.9626812017666808E-009   0.0000000000000000     
  -1.7700000000000000        2.7101744310531267E-009   0.0000000000000000     
  -1.7600000000000002        3.7328182020635801E-009   0.0000000000000000     
  -1.7500000000000000        5.1282424519517079E-009   0.0000000000000000     
  -1.7400000000000002        7.0273627874620567E-009   0.0000000000000000     
  -1.7300000000000000        9.6052420711607864E-009   0.0000000000000000     
  -1.7200000000000002        1.3095327648369004E-008   0.0000000000000000     
  -1.7100000000000000        1.7808057056732892E-008   0.0000000000000000     
  -1.7000000000000002        2.4155099048170011E-008   0.0000000000000000     
  -1.6899999999999999        3.2680840819199473E-008   0.0000000000000000     
  -1.6800000000000002        4.4103162792083657E-008   0.0000000000000000     
  -1.6699999999999999        5.9366078755243125E-008   0.0000000000000000     
  -1.6600000000000001        7.9707485195759597E-008   0.0000000000000000     
  -1.6499999999999999        1.0674608730137577E-007   0.0000000000000000     
  -1.6400000000000001        1.4259258364419257E-007   0.0000000000000000     
  -1.6299999999999999        1.8999143620178256E-007   0.0000000000000000     
  -1.6200000000000001        2.5250107307856622E-007   0.0000000000000000     
  -1.6099999999999999        3.3472222157279293E-007   0.0000000000000000     
  -1.6000000000000001        4.4258631099448699E-007   0.0000000000000000     
  -1.5899999999999999        5.8371858898874220E-007   0.0000000000000000     
  -1.5800000000000001        7.6789384314530627E-007   0.0000000000000000     
  -1.5699999999999998        1.0076065031157539E-006   0.0000000000000000     
  -1.5600000000000001        1.3187815202135722E-006   0.0000000000000000     
  -1.5499999999999998        1.7216578958938004E-006   0.0000000000000000     
  -1.5400000000000000        2.2418831833876418E-006   0.0000000000000000     
  -1.5300000000000002        2.9118648549037408E-006   0.0000000000000000     
  -1.5200000000000000        3.7724332570695464E-006   0.0000000000000000     
  -1.5100000000000002        4.8748811250157808E-006   0.0000000000000000     
  -1.5000000000000000        6.2834564521486323E-006   0.0000000000000000     
  -1.4900000000000002        8.0783990824379282E-006   0.0000000000000000     
  -1.4800000000000000        1.0359626867585058E-005   0.0000000000000000     
  -1.4700000000000002        1.3251194768046210E-005   0.0000000000000000     
  -1.4600000000000000        1.6906670015530976E-005   0.0000000000000000     
  -1.4500000000000002        2.1515588513218105E-005   0.0000000000000000     
  -1.4399999999999999        2.7311182113118104E-005   0.0000000000000000     
  -1.4300000000000002        3.4579593316874034E-005   0.0000000000000000     
  -1.4199999999999999        4.3670823276473043E-005   0.0000000000000000     
  -1.4100000000000001        5.5011690629219272E-005   0.0000000000000000     
  -1.3999999999999999        6.9121112498432151E-005   0.0000000000000000     
  -1.3900000000000001        8.6628054627229238E-005   0.0000000000000000     
  -1.3799999999999999        1.0829253465458058E-004   0.0000000000000000     
  -1.3700000000000001        1.3503010040394358E-004   0.0000000000000000     
  -1.3599999999999999        1.6794024297323780E-004   0.0000000000000000     
  -1.3500000000000001        2.0833924143211777E-004   0.0000000000000000     
  -1.3399999999999999        2.5779797087327710E-004   0.0000000000000000     
  -1.3300000000000001        3.1818523701966428E-004   0.0000000000000000     
  -1.3199999999999998        3.9171722690162426E-004   0.0000000000000000     
  -1.3100000000000001        4.8101368437269396E-004   0.0000000000000000     
  -1.2999999999999998        5.8916142925617774E-004   0.0000000000000000     
  -1.2900000000000000        7.1978583727925951E-004   0.0000000000000000     
  -1.2800000000000002        8.7713088199181774E-004   0.0000000000000000     
  -1.2700000000000000        1.0661483067079163E-003   0.0000000000000000     
  -1.2600000000000002        1.2925964411042606E-003   0.0000000000000000     
  -1.2500000000000000        1.5631491003039654E-003   0.0000000000000000     
  -1.2400000000000002        1.8855149008673636E-003   0.0000000000000000     
  -1.2300000000000000        2.2685671949549940E-003   0.0000000000000000     
  -1.2200000000000002        2.7224846580294706E-003   0.0000000000000000     
  -1.2100000000000000        3.2589023641129626E-003   0.0000000000000000     
  -1.2000000000000002        3.8910729435323432E-003   0.0000000000000000     
  -1.1899999999999999        4.6340371395644170E-003   0.0000000000000000     
  -1.1800000000000002        5.5048027614950888E-003   0.0000000000000000     
  -1.1699999999999999        6.5225306723206023E-003   0.0000000000000000     
  -1.1600000000000001        7.7087260507598043E-003   0.0000000000000000     
  -1.1499999999999999        9.0874327318347901E-003   0.0000000000000000     
  -1.1400000000000001        1.0685427961915473E-002   0.0000000000000000     
  -1.1299999999999999        1.2532414408364043E-002   0.0000000000000000     
  -1.1200000000000001        1.4661205748083913E-002   0.0000000000000000     
  -1.1100000000000003        1.7107901632594104E-002   0.0000000000000000     
  -1.0999999999999996        1.9912047300871306E-002   0.0000000000000000     
  -1.0899999999999999        2.3116772598236517E-002   0.0000000000000000     
  -1.0800000000000001        2.6768904675013656E-002   0.0000000000000000     
  -1.0700000000000003        3.0919048199311520E-002   0.0000000000000000     
  -1.0599999999999996        3.5621626542392350E-002   0.0000000000000000     
  -1.0499999999999998        4.0934877102254061E-002   0.0000000000000000     
  -1.0400000000000000        4.6920793741700190E-002   0.0000000000000000     
  -1.0300000000000002        5.3645009252127500E-002   0.0000000000000000     
  -1.0200000000000005        6.1176610834171065E-002   0.0000000000000000     
  -1.0099999999999998        6.9587881831041379E-002   0.0000000000000000     
  -1.0000000000000000        7.8953963378155551E-002   0.0000000000000000     
 -0.99000000000000021        8.9352430259481003E-002   0.0000000000000000     
 -0.98000000000000043       0.10086277609973049        0.0000000000000000     
 -0.96999999999999975       0.11356580408107245        0.0000000000000000     
 -0.95999999999999996       0.12754292065749184        0.0000000000000000     
 -0.95000000000000018       0.14287533124796215        0.0000000000000000     
 -0.94000000000000039       0.15964313861354648        0.0000000000000000     
 -0.92999999999999972       0.17792434654901992        0.0000000000000000     
 -0.91999999999999993       0.19779377362490730        0.0000000000000000     
 -0.91000000000000014       0.21932188397179769        0.0000000000000000     
 -0.90000000000000036       0.24257354446870241        0.0000000000000000     
 -0.88999999999999968       0.26760672013696762        0.0000000000000000     
 -0.87999999999999989       0.29447112199985465        0.0000000000000000     
 -0.87000000000000011       0.32320682408816603        0.0000000000000000     
 -0.86000000000000032       0.35384286859185188        0.0000000000000000     
 -0.84999999999999964       0.38639588031011346        0.0000000000000000     
 -0.83999999999999986       0.42086871346947391        0.0000000000000000     
 -0.83000000000000007       0.45724915559137086        0.0000000000000000     
 -0.82000000000000028       0.49550871433016858        0.0000000000000000     
 -0.80999999999999961       0.53560151400472622        0.0000000000000000     
 -0.79999999999999982       0.57746332885306484        0.0000000000000000     
 -0.79000000000000004       0.62101077979952346        0.0000000000000000     
 -0.78000000000000025       0.66614072069638197        0.0000000000000000     
 -0.76999999999999957       0.71272983855872141        0.0000000000000000     
 -0.75999999999999979       0.76063449023769747        0.0000000000000000     
 -0.75000000000000000       0.80969079527434085        0.0000000000000000     
 -0.74000000000000021       0.85971500136099266        0.0000000000000000     
 -0.73000000000000043       0.91050413494548932        0.0000000000000000     
 -0.71999999999999975       0.96183694509671303        0.0000000000000000     
 -0.70999999999999996        1.0134751438789589        0.0000000000000000     
 -0.70000000000000018        1.0651649412429163        0.0000000000000000     
 -0.69000000000000039        1.1166388669341030        0.0000000000000000     
 -0.67999999999999972        1.1676178662594638        0.0000000000000000     
 -0.66999999999999993        1.2178136508640314        0.0000000000000000     
 -0.66000000000000014        1.2669312800840706        0.0000000000000000     
 -0.65000000000000036        1.3146719430969187        0.0000000000000000     
 -0.63999999999999968        1.3607359071171259        0.0000000000000000     
 -0.62999999999999989        1.4048255924262789        0.0000000000000000     
 -0.62000000000000011        1.4466487311952956        0.0000000000000000     
 -0.61000000000000032        1.4859215639769721        0.0000000000000000     
 -0.59999999999999964        1.5223720255119473        0.0000000000000000     
 -0.58999999999999986        1.5557428701834932        0.0000000000000000     
 -0.58000000000000007        1.5857946871347466        0.0000000000000000     
 -0.57000000000000028        1.6123087557616502        0.0000000000000000     
 -0.55999999999999961        1.6350896940260820        0.0000000000000000     
 -0.54999999999999982        1.6539678547803287        0.0000000000000000     
 -0.54000000000000004        1.6688014290135922        0.0000000000000000     
 -0.53000000000000025        1.6794782195553384        0.0000000000000000     
 -0.51999999999999957        1.6859170542063586        0.0000000000000000     
 -0.50999999999999979        1.6880688134017008        0.0000000000000000     
 -0.50000000000000000        1.6859170542063586        0.0000000000000000     
 -0.49000000000000021        1.6794782195553384        0.0000000000000000     
 -0.48000000000000043        1.6688014290135922        0.0000000000000000     
 -0.46999999999999975        1.6539678547803289        0.0000000000000000     
 -0.45999999999999996        1.6350896940260820        0.0000000000000000     
 -0.45000000000000018        1.6123087557616502        0.0000000000000000     
 -0.44000000000000039        1.5857946871347468        0.0000000000000000     
 -0.42999999999999972        1.5557428701834932        0.0000000000000000     
 -0.41999999999999993        1.5223720255119473        0.0000000000000000     
 -0.41000000000000014        1.4859215639769721        0.0000000000000000     
 -0.40000000000000036        1.4466487311952956        0.0000000000000000     
 -0.38999999999999968        1.4048255924262789        0.0000000000000000     
 -0.37999999999999989        1.3607359071171259        0.0000000000000000     
 -0.37000000000000011        1.3146719430969187        0.0000000000000000     
 -0.36000000000000032        1.2669312800840711        0.0000000000000000     
 -0.34999999999999964        1.2178136508640316        0.0000000000000000     
 -0.33999999999999986        1.1676178662594643        0.0000000000000000     
 -0.33000000000000007        1.1166388669341034        0.0000000000000000     
 -0.32000000000000028        1.0651649412429167        0.0000000000000000     
 -0.30999999999999961        1.0134751438789593        0.0000000000000000     
 -0.29999999999999982       0.96183694509671280        0.0000000000000000     
 -0.29000000000000004       0.91050413494548932        0.0000000000000000     
 -0.28000000000000025       0.85971500136099266        0.0000000000000000     
 -0.26999999999999957       0.80969079527434085        0.0000000000000000     
 -0.25999999999999979       0.76063449023769747        0.0000000000000000     
 -0.25000000000000000       0.71272983855872141        0.0000000000000000     
 -0.24000000000000021       0.66614072069638197        0.0000000000000000     
 -0.23000000000000043       0.62101077979952346        0.0000000000000000     
 -0.21999999999999975       0.57746332885306484        0.0000000000000000     
 -0.20999999999999996       0.53560151400472644        0.0000000000000000     
 -0.20000000000000018       0.49550871433016869        0.0000000000000000     
 -0.19000000000000039       0.45724915559137108        0.0000000000000000     
 -0.17999999999999972       0.42086871346947435        0.0000000000000000     
 -0.16999999999999993       0.38639588031011346        0.0000000000000000     
 -0.16000000000000014       0.35384286859185188        0.0000000000000000     
 -0.15000000000000036       0.32320682408816603        0.0000000000000000     
 -0.13999999999999968       0.29447112199985465        0.0000000000000000     
 -0.12999999999999989       0.26760672013696762        0.0000000000000000     
 -0.12000000000000011       0.24257354446870241        0.0000000000000000     
 -0.11000000000000032       0.21932188397179769        0.0000000000000000     
  -9.9999999999999645E-002  0.19779377362490730        0.0000000000000000     
  -8.9999999999999858E-002  0.17792434654902009        0.0000000000000000     
  -8.0000000000000071E-002  0.15964313861354656        0.0000000000000000     
  -7.0000000000000284E-002  0.14287533124796223        0.0000000000000000     
  -5.9999999999999609E-002  0.12754292065749190        0.0000000000000000     
  -4.9999999999999822E-002  0.11356580408107238        0.0000000000000000     
  -4.0000000000000036E-002  0.10086277609973049        0.0000000000000000     
  -3.0000000000000249E-002   8.9352430259481003E-002   0.0000000000000000     
  -1.9999999999999574E-002   7.8953963378155551E-002   0.0000000000000000     
  -9.9999999999997868E-003   6.9587881831041379E-002   0.0000000000000000     
