  -2.5500000000000003        5.2548671948386415E-024   0.0000000000000000     
  -2.5400000000000000        8.8536892083372139E-024   0.0000000000000000     
  -2.5300000000000002        1.4879177195237603E-023   0.0000000000000000     
  -2.5200000000000000        2.4941678309101107E-023   0.0000000000000000     
  -2.5100000000000002        4.1702735737017418E-023   0.0000000000000000     
  -2.5000000000000000        6.9549743603538063E-023   0.0000000000000000     
  -2.4900000000000002        1.1569607756545689E-022   0.0000000000000000     
  -2.4800000000000000        1.9197021539768200E-022   0.0000000000000000     
  -2.4700000000000002        3.1771753453164300E-022   0.0000000000000000     
  -2.4600000000000000        5.2449412774175235E-022   0.0000000000000000     
  -2.4500000000000002        8.6363889156141052E-022   0.0000000000000000     
  -2.4399999999999999        1.4184559954197796E-021   0.0000000000000000     
  -2.4300000000000002        2.3237620668501244E-021   0.0000000000000000     
  -2.4199999999999999        3.7971658247821325E-021   0.0000000000000000     
  -2.4100000000000001        6.1889871895118901E-021   0.0000000000000000     
  -2.3999999999999999        1.0061708214339097E-020   0.0000000000000000     
  -2.3900000000000001        1.6316085356066174E-020   0.0000000000000000     
  -2.3799999999999999        2.6390786495992887E-020   0.0000000000000000     
  -2.3700000000000001        4.2577564213053585E-020   0.0000000000000000     
  -2.3599999999999999        6.8517483951988299E-020   0.0000000000000000     
  -2.3500000000000001        1.0998010137909207E-019   0.0000000000000000     
  -2.3399999999999999        1.7608361243389741E-019   0.0000000000000000     
  -2.3300000000000001        2.8120036357452408E-019   0.0000000000000000     
  -2.3199999999999998        4.4792461710894835E-019   0.0000000000000000     
  -2.3100000000000001        7.1168219247086415E-019   0.0000000000000000     
  -2.3000000000000003        1.1278708748727199E-018   0.0000000000000000     
  -2.2900000000000000        1.7828909461612417E-018   0.0000000000000000     
  -2.2800000000000002        2.8111388161406856E-018   0.0000000000000000     
  -2.2700000000000000        4.4211160927785930E-018   0.0000000000000000     
  -2.2600000000000002        6.9354342841712480E-018   0.0000000000000000     
  -2.2500000000000000        1.0851943342899176E-017   0.0000000000000000     
  -2.2400000000000002        1.6936883067081664E-017   0.0000000000000000     
  -2.2300000000000000        2.6366444865591882E-017   0.0000000000000000     
  -2.2200000000000002        4.0941313935511363E-017   0.0000000000000000     
  -2.2100000000000000        6.3410925550584591E-017   0.0000000000000000     
  -2.2000000000000002        9.7962198424262968E-017   0.0000000000000000     
  -2.1899999999999999        1.5095415386000141E-016   0.0000000000000000     
  -2.1800000000000002        2.3201909490231435E-016   0.0000000000000000     
  -2.1699999999999999        3.5570871295630382E-016   0.0000000000000000     
  -2.1600000000000001        5.4394801079248006E-016   0.0000000000000000     
  -2.1499999999999999        8.2968339307567784E-016   0.0000000000000000     
  -2.1400000000000001        1.2622910896248991E-015   0.0000000000000000     
  -2.1299999999999999        1.9155731921785036E-015   0.0000000000000000     
  -2.1200000000000001        2.8995466434031915E-015   0.0000000000000000     
  -2.1099999999999999        4.3777762715730516E-015   0.0000000000000000     
  -2.1000000000000001        6.5927884655349343E-015   0.0000000000000000     
  -2.0899999999999999        9.9032292904926183E-015   0.0000000000000000     
  -2.0800000000000001        1.4838043581396958E-014   0.0000000000000000     
  -2.0699999999999998        2.2175252058338684E-014   0.0000000000000000     
  -2.0600000000000001        3.3056175262499090E-014   0.0000000000000000     
  -2.0499999999999998        4.9150592178373238E-014   0.0000000000000000     
  -2.0400000000000000        7.2894879384672336E-014   0.0000000000000000     
  -2.0300000000000002        1.0783441918141271E-013   0.0000000000000000     
  -2.0200000000000000        1.5911455188254493E-013   0.0000000000000000     
  -2.0100000000000002        2.3418253957645989E-013   0.0000000000000000     
  -2.0000000000000000        3.4378841480971378E-013   0.0000000000000000     
  -1.9900000000000000        5.0340795992917860E-013   0.0000000000000000     
  -1.9800000000000000        7.3526015936984328E-013   0.0000000000000000     
  -1.9700000000000000        1.0711594028610345E-012   0.0000000000000000     
  -1.9600000000000000        1.5565364303540034E-012   0.0000000000000000     
  -1.9500000000000000        2.2560908786827951E-012   0.0000000000000000     
  -1.9399999999999999        3.2617149519174736E-012   0.0000000000000000     
  -1.9299999999999999        4.7035691584144861E-012   0.0000000000000000     
  -1.9199999999999999        6.7655199393582487E-012   0.0000000000000000     
  -1.9100000000000001        9.7065956264362890E-012   0.0000000000000000     
  -1.9000000000000001        1.3890721731514303E-011   0.0000000000000000     
  -1.8900000000000001        1.9827812344139852E-011   0.0000000000000000     
  -1.8800000000000001        2.8230391656227404E-011   0.0000000000000000     
  -1.8700000000000001        4.0091390717121151E-011   0.0000000000000000     
  -1.8600000000000001        5.6790730439903671E-011   0.0000000000000000     
  -1.8500000000000001        8.0240920540615328E-011   0.0000000000000000     
  -1.8400000000000001        1.1308538082532181E-010   0.0000000000000000     
  -1.8300000000000001        1.5896779204217715E-010   0.0000000000000000     
  -1.8200000000000001        2.2289685167936917E-010   0.0000000000000000     
  -1.8100000000000001        3.1173878698075746E-010   0.0000000000000000     
  -1.8000000000000000        4.3488042834212347E-010   0.0000000000000000     
  -1.7900000000000000        6.0511929228743183E-010   0.0000000000000000     
  -1.7800000000000000        8.3985488077351063E-010   0.0000000000000000     
  -1.7700000000000000        1.1626784324103450E-009   0.0000000000000000     
  -1.7600000000000000        1.6054881231954853E-009   0.0000000000000000     
  -1.7500000000000000        2.2112950446264189E-009   0.0000000000000000     
  -1.7400000000000000        3.0379344794703978E-009   0.0000000000000000     
  -1.7300000000000000        4.1629599052309440E-009   0.0000000000000000     
  -1.7200000000000000        5.6900773208438379E-009   0.0000000000000000     
  -1.7100000000000000        7.7575792789987269E-009   0.0000000000000000     
  -1.7000000000000000        1.0549366776610903E-008   0.0000000000000000     
  -1.6899999999999999        1.4309309464401527E-008   0.0000000000000000     
  -1.6799999999999999        1.9359898458963227E-008   0.0000000000000000     
  -1.6699999999999999        2.6126401034096147E-008   0.0000000000000000     
  -1.6600000000000001        3.5168044266875566E-008   0.0000000000000000     
  -1.6500000000000001        4.7218149262018284E-008   0.0000000000000000     
  -1.6400000000000001        6.3235625499334407E-008   0.0000000000000000     
  -1.6300000000000001        8.4470835852270774E-008   0.0000000000000000     
  -1.6200000000000001        1.1254958014355028E-007   0.0000000000000000     
  -1.6100000000000001        1.4957984596003544E-007   0.0000000000000000     
  -1.6000000000000001        1.9828707154317936E-007   0.0000000000000000     
  -1.5900000000000001        2.6218499357417313E-007   0.0000000000000000     
  -1.5800000000000001        3.4579075471009118E-007   0.0000000000000000     
  -1.5700000000000001        4.5489486983524680E-007   0.0000000000000000     
  -1.5600000000000001        5.9689895051451265E-007   0.0000000000000000     
  -1.5500000000000000        7.8123682502968480E-007   0.0000000000000000     
  -1.5400000000000000        1.0198979343883575E-006   0.0000000000000000     
  -1.5300000000000000        1.3280757073344216E-006   0.0000000000000000     
  -1.5200000000000000        1.7249681006995890E-006   0.0000000000000000     
  -1.5100000000000000        2.2347627224198000E-006   0.0000000000000000     
  -1.5000000000000000        2.8878450252227551E-006   0.0000000000000000     
  -1.4900000000000000        3.7222750650114587E-006   0.0000000000000000     
  -1.4800000000000000        4.7855863566123197E-006   0.0000000000000000     
  -1.4700000000000000        6.1369695271538864E-006   0.0000000000000000     
  -1.4600000000000000        7.8499138559068284E-006   0.0000000000000000     
  -1.4500000000000000        1.0015391482448875E-005   0.0000000000000000     
  -1.4399999999999999        1.2745682132389560E-005   0.0000000000000000     
  -1.4299999999999999        1.6178950701708750E-005   0.0000000000000000     
  -1.4199999999999999        2.0484705980197095E-005   0.0000000000000000     
  -1.4099999999999999        2.5870286169477930E-005   0.0000000000000000     
  -1.4000000000000001        3.2588535604992799E-005   0.0000000000000000     
  -1.3900000000000001        4.0946857112503128E-005   0.0000000000000000     
  -1.3800000000000001        5.1317845540112363E-005   0.0000000000000000     
  -1.3700000000000001        6.4151729950128977E-005   0.0000000000000000     
  -1.3600000000000001        7.9990874383751301E-005   0.0000000000000000     
  -1.3500000000000001        9.9486609574176132E-005   0.0000000000000000     
  -1.3400000000000001        1.2341868991245939E-004   0.0000000000000000     
  -1.3300000000000001        1.5271769066912456E-004   0.0000000000000000     
  -1.3200000000000001        1.8849067910832104E-004   0.0000000000000000     
  -1.3100000000000001        2.3205050871845552E-004   0.0000000000000000     
  -1.3000000000000000        2.8494909718957626E-004   0.0000000000000000     
  -1.2900000000000000        3.4901505470557979E-004   0.0000000000000000     
  -1.2800000000000000        4.2639602815052770E-004   0.0000000000000000     
  -1.2700000000000000        5.1960611737401463E-004   0.0000000000000000     
  -1.2600000000000000        6.3157870001725493E-004   0.0000000000000000     
  -1.2500000000000000        7.6572496976559461E-004   0.0000000000000000     
  -1.2400000000000000        9.2599844739385702E-004   0.0000000000000000     
  -1.2300000000000000        1.1169656627135836E-003   0.0000000000000000     
  -1.2200000000000000        1.3438831266502137E-003   0.0000000000000000     
  -1.2100000000000000        1.6127806144011828E-003   0.0000000000000000     
  -1.2000000000000000        1.9305506613476299E-003   0.0000000000000000     
  -1.1899999999999999        2.3050440317603361E-003   0.0000000000000000     
  -1.1799999999999999        2.7451707553474477E-003   0.0000000000000000     
  -1.1699999999999999        3.2610061377783064E-003   0.0000000000000000     
  -1.1599999999999999        3.8639009384793780E-003   0.0000000000000000     
  -1.1500000000000001        4.5665946728946525E-003   0.0000000000000000     
  -1.1400000000000001        5.3833307384681247E-003   0.0000000000000000     
  -1.1300000000000001        6.3299717861517758E-003   0.0000000000000000     
  -1.1200000000000001        7.4241134655579763E-003   0.0000000000000000     
  -1.1100000000000001        8.6851943663004347E-003   0.0000000000000000     
  -1.1000000000000001        1.0134599666064103E-002   0.0000000000000000     
  -1.0900000000000001        1.1795755684121475E-002   0.0000000000000000     
  -1.0800000000000001        1.3694212235135665E-002   0.0000000000000000     
  -1.0700000000000001        1.5857709391046963E-002   0.0000000000000000     
  -1.0600000000000001        1.8316224998556310E-002   0.0000000000000000     
  -1.0500000000000000        2.1101999077045717E-002   0.0000000000000000     
  -1.0400000000000000        2.4249531048301527E-002   0.0000000000000000     
  -1.0300000000000000        2.7795545637235047E-002   0.0000000000000000     
  -1.0200000000000000        3.1778923244263430E-002   0.0000000000000000     
  -1.0100000000000000        3.6240590637351695E-002   0.0000000000000000     
  -1.0000000000000000        4.1223367956672224E-002   0.0000000000000000     
 -0.98999999999999999        4.6771768278244530E-002   0.0000000000000000     
 -0.97999999999999998        5.2931746354239577E-002   0.0000000000000000     
 -0.96999999999999997        5.9750393644485096E-002   0.0000000000000000     
 -0.95999999999999996        6.7275577381363416E-002   0.0000000000000000     
 -0.95000000000000007        7.5555522171204953E-002   0.0000000000000000     
 -0.94000000000000006        8.4638333528624266E-002   0.0000000000000000     
 -0.93000000000000005        9.4571463761505464E-002   0.0000000000000000     
 -0.92000000000000004       0.10540112176498116        0.0000000000000000     
 -0.91000000000000003       0.11717162952991500        0.0000000000000000     
 -0.90000000000000002       0.12992472950781705        0.0000000000000000     
 -0.89000000000000001       0.14369884837803615        0.0000000000000000     
 -0.88000000000000000       0.15852832420836072        0.0000000000000000     
 -0.87000000000000000       0.17444260545661824        0.0000000000000000     
 -0.85999999999999999       0.19146543169461078        0.0000000000000000     
 -0.84999999999999998       0.20961400730981322        0.0000000000000000     
 -0.83999999999999997       0.22889818071543561        0.0000000000000000     
 -0.83000000000000007       0.24931964273503937        0.0000000000000000     
 -0.82000000000000006       0.27087115878288648        0.0000000000000000     
 -0.81000000000000005       0.29353585019537648        0.0000000000000000     
 -0.80000000000000004       0.31728654054416910        0.0000000000000000     
 -0.79000000000000004       0.34208518294310136        0.0000000000000000     
 -0.78000000000000003       0.36788238421874381        0.0000000000000000     
 -0.77000000000000002       0.39461704132428871        0.0000000000000000     
 -0.76000000000000001       0.42221610452151442        0.0000000000000000     
 -0.75000000000000000       0.45059448062719071        0.0000000000000000     
 -0.73999999999999999       0.47965508801901136        0.0000000000000000     
 -0.72999999999999998       0.50928907313235861        0.0000000000000000     
 -0.71999999999999997       0.53937619587361063        0.0000000000000000     
 -0.70999999999999996       0.56978538875940343        0.0000000000000000     
 -0.70000000000000007       0.60037549170561422        0.0000000000000000     
 -0.69000000000000006       0.63099616128589930        0.0000000000000000     
 -0.68000000000000005       0.66148895001733699        0.0000000000000000     
 -0.67000000000000004       0.69168854787770551        0.0000000000000000     
 -0.66000000000000003       0.72142417488891475        0.0000000000000000     
 -0.65000000000000002       0.75052111029231228        0.0000000000000000     
 -0.64000000000000001       0.77880234067452858        0.0000000000000000     
 -0.63000000000000000       0.80609030645797419        0.0000000000000000     
 -0.62000000000000000       0.83220872352671083        0.0000000000000000     
 -0.60999999999999999       0.85698445449038940        0.0000000000000000     
 -0.59999999999999998       0.88024940226377790        0.0000000000000000     
 -0.58999999999999997       0.90184239731563387        0.0000000000000000     
 -0.57999999999999996       0.92161104916596859        0.0000000000000000     
 -0.57000000000000006       0.93941353252012449        0.0000000000000000     
 -0.56000000000000005       0.95512027884255302        0.0000000000000000     
 -0.55000000000000004       0.96861554519874205        0.0000000000000000     
 -0.54000000000000004       0.97979883382084776        0.0000000000000000     
 -0.53000000000000003       0.98858613805601792        0.0000000000000000     
 -0.52000000000000002       0.99491099309568354        0.0000000000000000     
 -0.51000000000000001       0.99872531310438339        0.0000000000000000     
 -0.50000000000000000        1.0000000000000000        0.0000000000000000     
 -0.48999999999999999       0.99872531310438339        0.0000000000000000     
 -0.47999999999999998       0.99491099309568354        0.0000000000000000     
 -0.47000000000000003       0.98858613805601792        0.0000000000000000     
 -0.46000000000000002       0.97979883382084787        0.0000000000000000     
 -0.45000000000000001       0.96861554519874205        0.0000000000000000     
 -0.44000000000000000       0.95512027884255313        0.0000000000000000     
 -0.42999999999999999       0.93941353252012461        0.0000000000000000     
 -0.41999999999999998       0.92161104916596859        0.0000000000000000     
 -0.41000000000000003       0.90184239731563387        0.0000000000000000     
 -0.40000000000000002       0.88024940226377790        0.0000000000000000     
 -0.39000000000000001       0.85698445449038940        0.0000000000000000     
 -0.38000000000000000       0.83220872352671083        0.0000000000000000     
 -0.37000000000000000       0.80609030645797419        0.0000000000000000     
 -0.35999999999999999       0.77880234067452858        0.0000000000000000     
 -0.35000000000000003       0.75052111029231250        0.0000000000000000     
 -0.34000000000000002       0.72142417488891486        0.0000000000000000     
 -0.33000000000000002       0.69168854787770573        0.0000000000000000     
 -0.32000000000000001       0.66148895001733721        0.0000000000000000     
 -0.31000000000000000       0.63099616128589953        0.0000000000000000     
 -0.29999999999999999       0.60037549170561444        0.0000000000000000     
 -0.28999999999999998       0.56978538875940332        0.0000000000000000     
 -0.28000000000000003       0.53937619587361063        0.0000000000000000     
 -0.27000000000000002       0.50928907313235861        0.0000000000000000     
 -0.26000000000000001       0.47965508801901136        0.0000000000000000     
 -0.25000000000000000       0.45059448062719071        0.0000000000000000     
 -0.23999999999999999       0.42221610452151442        0.0000000000000000     
 -0.23000000000000001       0.39461704132428871        0.0000000000000000     
 -0.22000000000000000       0.36788238421874381        0.0000000000000000     
 -0.20999999999999999       0.34208518294310136        0.0000000000000000     
 -0.20000000000000001       0.31728654054416927        0.0000000000000000     
 -0.19000000000000000       0.29353585019537654        0.0000000000000000     
 -0.17999999999999999       0.27087115878288659        0.0000000000000000     
 -0.17000000000000001       0.24931964273503965        0.0000000000000000     
 -0.16000000000000000       0.22889818071543561        0.0000000000000000     
 -0.14999999999999999       0.20961400730981322        0.0000000000000000     
 -0.14000000000000001       0.19146543169461078        0.0000000000000000     
 -0.13000000000000000       0.17444260545661824        0.0000000000000000     
 -0.12000000000000000       0.15852832420836072        0.0000000000000000     
 -0.11000000000000000       0.14369884837803615        0.0000000000000000     
 -0.10000000000000001       0.12992472950781705        0.0000000000000000     
  -8.9999999999999997E-002  0.11717162952991500        0.0000000000000000     
  -8.0000000000000002E-002  0.10540112176498126        0.0000000000000000     
  -7.0000000000000007E-002   9.4571463761505506E-002   0.0000000000000000     
  -5.9999999999999998E-002   8.4638333528624307E-002   0.0000000000000000     
  -5.0000000000000003E-002   7.5555522171204981E-002   0.0000000000000000     
  -4.0000000000000001E-002   6.7275577381363375E-002   0.0000000000000000     
  -2.9999999999999999E-002   5.9750393644485096E-002   0.0000000000000000     
  -2.0000000000000000E-002   5.2931746354239577E-002   0.0000000000000000     
  -1.0000000000000000E-002   4.6771768278244530E-002   0.0000000000000000     
   0.0000000000000000        4.1223367956672224E-002   0.0000000000000000     
   1.0000000000000000E-002   3.6240590637351695E-002   0.0000000000000000     
   2.0000000000000000E-002   3.1778923244263430E-002   0.0000000000000000     
   2.9999999999999999E-002   2.7795545637235047E-002   0.0000000000000000     
   4.0000000000000001E-002   2.4249531048301527E-002   0.0000000000000000     
   5.0000000000000003E-002   2.1101999077045717E-002   0.0000000000000000     
   5.9999999999999998E-002   1.8316224998556310E-002   0.0000000000000000     
   7.0000000000000007E-002   1.5857709391046963E-002   0.0000000000000000     
   8.0000000000000002E-002   1.3694212235135677E-002   0.0000000000000000     
   8.9999999999999997E-002   1.1795755684121495E-002   0.0000000000000000     
  0.10000000000000001        1.0134599666064122E-002   0.0000000000000000     
  0.11000000000000000        8.6851943663004416E-003   0.0000000000000000     
  0.12000000000000000        7.4241134655579823E-003   0.0000000000000000     
  0.13000000000000000        6.3299717861517810E-003   0.0000000000000000     
  0.14000000000000001        5.3833307384681343E-003   0.0000000000000000     
  0.14999999999999999        4.5665946728946603E-003   0.0000000000000000     
  0.16000000000000000        3.8639009384793675E-003   0.0000000000000000     
  0.17000000000000001        3.2610061377783004E-003   0.0000000000000000     
  0.17999999999999999        2.7451707553474477E-003   0.0000000000000000     
  0.19000000000000000        2.3050440317603361E-003   0.0000000000000000     
  0.20000000000000001        1.9305506613476299E-003   0.0000000000000000     
  0.20999999999999999        1.6127806144011828E-003   0.0000000000000000     
  0.22000000000000000        1.3438831266502137E-003   0.0000000000000000     
  0.23000000000000001        1.1169656627135836E-003   0.0000000000000000     
  0.23999999999999999        9.2599844739385702E-004   0.0000000000000000     
  0.25000000000000000        7.6572496976559461E-004   0.0000000000000000     
  0.26000000000000001        6.3157870001725493E-004   0.0000000000000000     
  0.27000000000000002        5.1960611737401463E-004   0.0000000000000000     
  0.28000000000000003        4.2639602815052770E-004   0.0000000000000000     
  0.28999999999999998        3.4901505470557979E-004   0.0000000000000000     
  0.29999999999999999        2.8494909718957626E-004   0.0000000000000000     
  0.31000000000000000        2.3205050871845552E-004   0.0000000000000000     
  0.32000000000000001        1.8849067910832104E-004   0.0000000000000000     
  0.33000000000000002        1.5271769066912456E-004   0.0000000000000000     
  0.34000000000000002        1.2341868991245939E-004   0.0000000000000000     
  0.35000000000000003        9.9486609574176132E-005   0.0000000000000000     
  0.35999999999999999        7.9990874383751437E-005   0.0000000000000000     
  0.37000000000000000        6.4151729950129207E-005   0.0000000000000000     
  0.38000000000000000        5.1317845540112451E-005   0.0000000000000000     
  0.39000000000000001        4.0946857112503270E-005   0.0000000000000000     
  0.40000000000000002        3.2588535604992860E-005   0.0000000000000000     
  0.41000000000000003        2.5870286169477839E-005   0.0000000000000000     
  0.41999999999999998        2.0484705980197095E-005   0.0000000000000000     
  0.42999999999999999        1.6178950701708750E-005   0.0000000000000000     
  0.44000000000000000        1.2745682132389560E-005   0.0000000000000000     
  0.45000000000000001        1.0015391482448875E-005   0.0000000000000000     
  0.46000000000000002        7.8499138559068284E-006   0.0000000000000000     
  0.47000000000000003        6.1369695271538864E-006   0.0000000000000000     
  0.47999999999999998        4.7855863566123197E-006   0.0000000000000000     
  0.48999999999999999        3.7222750650114587E-006   0.0000000000000000     
  0.50000000000000000        2.8878450252227551E-006   0.0000000000000000     
  0.51000000000000001        2.2347627224198000E-006   0.0000000000000000     
  0.52000000000000002        1.7249681006995890E-006   0.0000000000000000     
  0.53000000000000003        1.3280757073344216E-006   0.0000000000000000     
  0.54000000000000004        1.0198979343883575E-006   0.0000000000000000     
  0.55000000000000004        7.8123682502968480E-007   0.0000000000000000     
  0.56000000000000005        5.9689895051451265E-007   0.0000000000000000     
  0.57000000000000006        4.5489486983524680E-007   0.0000000000000000     
  0.57999999999999996        3.4579075471009118E-007   0.0000000000000000     
  0.58999999999999997        2.6218499357417451E-007   0.0000000000000000     
  0.59999999999999998        1.9828707154317936E-007   0.0000000000000000     
  0.60999999999999999        1.4957984596003624E-007   0.0000000000000000     
  0.62000000000000000        1.1254958014355028E-007   0.0000000000000000     
  0.63000000000000000        8.4470835852271369E-008   0.0000000000000000     
  0.64000000000000001        6.3235625499334407E-008   0.0000000000000000     
  0.65000000000000002        4.7218149262018622E-008   0.0000000000000000     
  0.66000000000000003        3.5168044266875566E-008   0.0000000000000000     
  0.67000000000000004        2.6126401034096147E-008   0.0000000000000000     
  0.68000000000000005        1.9359898458963088E-008   0.0000000000000000     
  0.69000000000000006        1.4309309464401527E-008   0.0000000000000000     
  0.70000000000000007        1.0549366776610828E-008   0.0000000000000000     
  0.70999999999999996        7.7575792789987269E-009   0.0000000000000000     
  0.71999999999999997        5.6900773208438379E-009   0.0000000000000000     
  0.72999999999999998        4.1629599052309440E-009   0.0000000000000000     
  0.73999999999999999        3.0379344794703978E-009   0.0000000000000000     
  0.75000000000000000        2.2112950446264189E-009   0.0000000000000000     
  0.76000000000000001        1.6054881231954853E-009   0.0000000000000000     
  0.77000000000000002        1.1626784324103450E-009   0.0000000000000000     
  0.78000000000000003        8.3985488077351063E-010   0.0000000000000000     
  0.79000000000000004        6.0511929228743183E-010   0.0000000000000000     
  0.80000000000000004        4.3488042834212347E-010   0.0000000000000000     
  0.81000000000000005        3.1173878698075746E-010   0.0000000000000000     
  0.82000000000000006        2.2289685167936917E-010   0.0000000000000000     
  0.83000000000000007        1.5896779204217715E-010   0.0000000000000000     
  0.83999999999999997        1.1308538082532261E-010   0.0000000000000000     
  0.84999999999999998        8.0240920540615328E-011   0.0000000000000000     
  0.85999999999999999        5.6790730439904272E-011   0.0000000000000000     
  0.87000000000000000        4.0091390717121151E-011   0.0000000000000000     
  0.88000000000000000        2.8230391656227704E-011   0.0000000000000000     
  0.89000000000000001        1.9827812344139852E-011   0.0000000000000000     
  0.90000000000000002        1.3890721731514452E-011   0.0000000000000000     
  0.91000000000000003        9.7065956264362890E-012   0.0000000000000000     
  0.92000000000000004        6.7655199393582487E-012   0.0000000000000000     
  0.93000000000000005        4.7035691584144199E-012   0.0000000000000000     
  0.94000000000000006        3.2617149519174736E-012   0.0000000000000000     
  0.95000000000000007        2.2560908786827790E-012   0.0000000000000000     
  0.95999999999999996        1.5565364303540034E-012   0.0000000000000000     
  0.96999999999999997        1.0711594028610345E-012   0.0000000000000000     
  0.97999999999999998        7.3526015936984328E-013   0.0000000000000000     
  0.98999999999999999        5.0340795992917860E-013   0.0000000000000000     
   1.0000000000000000        3.4378841480971378E-013   0.0000000000000000     
   1.0100000000000000        2.3418253957646322E-013   0.0000000000000000     
   1.0200000000000000        1.5911455188254493E-013   0.0000000000000000     
   1.0300000000000000        1.0783441918141386E-013   0.0000000000000000     
   1.0400000000000000        7.2894879384672336E-014   0.0000000000000000     
   1.0500000000000000        4.9150592178372714E-014   0.0000000000000000     
   1.0600000000000001        3.3056175262499090E-014   0.0000000000000000     
   1.0700000000000001        2.2175252058338526E-014   0.0000000000000000     
   1.0800000000000001        1.4838043581396958E-014   0.0000000000000000     
   1.0900000000000001        9.9032292904925489E-015   0.0000000000000000     
   1.1000000000000001        6.5927884655349343E-015   0.0000000000000000     
   1.1100000000000001        4.3777762715729900E-015   0.0000000000000000     
   1.1200000000000001        2.8995466434031915E-015   0.0000000000000000     
   1.1300000000000001        1.9155731921784902E-015   0.0000000000000000     
   1.1400000000000001        1.2622910896248991E-015   0.0000000000000000     
   1.1500000000000001        8.2968339307567192E-016   0.0000000000000000     
   1.1599999999999999        5.4394801079248390E-016   0.0000000000000000     
   1.1699999999999999        3.5570871295630382E-016   0.0000000000000000     
   1.1799999999999999        2.3201909490231766E-016   0.0000000000000000     
   1.1899999999999999        1.5095415386000141E-016   0.0000000000000000     
   1.2000000000000000        9.7962198424263658E-017   0.0000000000000000     
   1.2100000000000000        6.3410925550584591E-017   0.0000000000000000     
   1.2200000000000000        4.0941313935511652E-017   0.0000000000000000     
   1.2300000000000000        2.6366444865591882E-017   0.0000000000000000     
   1.2400000000000000        1.6936883067081904E-017   0.0000000000000000     
   1.2500000000000000        1.0851943342899176E-017   0.0000000000000000     
   1.2600000000000000        6.9354342841712973E-018   0.0000000000000000     
   1.2700000000000000        4.4211160927785930E-018   0.0000000000000000     
   1.2800000000000000        2.8111388161407256E-018   0.0000000000000000     
   1.2900000000000000        1.7828909461612417E-018   0.0000000000000000     
   1.3000000000000000        1.1278708748727280E-018   0.0000000000000000     
   1.3100000000000001        7.1168219247086415E-019   0.0000000000000000     
   1.3200000000000001        4.4792461710894199E-019   0.0000000000000000     
   1.3300000000000001        2.8120036357452408E-019   0.0000000000000000     
   1.3400000000000001        1.7608361243389616E-019   0.0000000000000000     
   1.3500000000000001        1.0998010137909207E-019   0.0000000000000000     
   1.3600000000000001        6.8517483951987806E-020   0.0000000000000000     
   1.3700000000000001        4.2577564213053585E-020   0.0000000000000000     
   1.3800000000000001        2.6390786495992514E-020   0.0000000000000000     
   1.3900000000000001        1.6316085356066174E-020   0.0000000000000000     
   1.4000000000000001        1.0061708214339024E-020   0.0000000000000000     
   1.4099999999999999        6.1889871895118901E-021   0.0000000000000000     
   1.4199999999999999        3.7971658247821325E-021   0.0000000000000000     
   1.4299999999999999        2.3237620668501571E-021   0.0000000000000000     
   1.4399999999999999        1.4184559954197796E-021   0.0000000000000000     
   1.4500000000000000        8.6363889156142275E-022   0.0000000000000000     
   1.4600000000000000        5.2449412774175235E-022   0.0000000000000000     
   1.4700000000000000        3.1771753453164751E-022   0.0000000000000000     
   1.4800000000000000        1.9197021539768200E-022   0.0000000000000000     
   1.4900000000000000        1.1569607756545854E-022   0.0000000000000000     
   1.5000000000000000        6.9549743603538063E-023   0.0000000000000000     
   1.5100000000000000        4.1702735737018305E-023   0.0000000000000000     
   1.5200000000000000        2.4941678309101107E-023   0.0000000000000000     
   1.5300000000000000        1.4879177195237603E-023   0.0000000000000000     
   1.5400000000000000        8.8536892083372139E-024   0.0000000000000000     
   1.5500000000000000        5.2548671948387532E-024   0.0000000000000000     
   1.5600000000000001        3.1109378239936262E-024   0.0000000000000000     
   1.5700000000000001        1.8370163964446186E-024   0.0000000000000000     
   1.5800000000000001        1.0819989736507718E-024   0.0000000000000000     
   1.5900000000000001        6.3567155744565186E-025   0.0000000000000000     
   1.6000000000000001        3.7250390122023456E-025   0.0000000000000000     
   1.6100000000000001        2.1773136033229703E-025   0.0000000000000000     
   1.6200000000000001        1.2694139342306427E-025   0.0000000000000000     
   1.6300000000000001        7.3820613685734518E-026   0.0000000000000000     
   1.6400000000000001        4.2819752829872251E-026   0.0000000000000000     
   1.6500000000000001        2.4774378913974029E-026   0.0000000000000000     
   1.6600000000000001        1.4297282880269533E-026   0.0000000000000000     
   1.6699999999999999        8.2299341285801686E-027   0.0000000000000000     
   1.6799999999999999        4.7253210741553156E-027   0.0000000000000000     
   1.6899999999999999        2.7061907285525607E-027   0.0000000000000000     
   1.7000000000000000        1.5458864669709307E-027   0.0000000000000000     
   1.7100000000000000        8.8082352156094110E-028   0.0000000000000000     
   1.7200000000000000        5.0060170746125823E-028   0.0000000000000000     
   1.7300000000000000        2.8378397287465065E-028   0.0000000000000000     
   1.7400000000000000        1.6046322519751591E-028   0.0000000000000000     
   1.7500000000000000        9.0501397250738135E-029   0.0000000000000000     
   1.7600000000000000        5.0912821607480795E-029   0.0000000000000000     
   1.7700000000000000        2.8568745049706058E-029   0.0000000000000000     
   1.7800000000000000        1.5989956235037965E-029   0.0000000000000000     
   1.7900000000000000        8.9267937674729438E-030   0.0000000000000000     
   1.8000000000000000        4.9709093432523480E-030   0.0000000000000000     
   1.8100000000000001        2.7610120293535043E-030   0.0000000000000000     
   1.8200000000000001        1.5296528126558337E-030   0.0000000000000000     
   1.8300000000000001        8.4529744286031392E-031   0.0000000000000000     
   1.8400000000000001        4.6592751219832923E-031   0.0000000000000000     
   1.8500000000000001        2.5616469278021663E-031   0.0000000000000000     
   1.8600000000000001        1.4047928902081457E-031   0.0000000000000000     
   1.8700000000000001        7.6841785083331935E-032   0.0000000000000000     
   1.8800000000000001        4.1925157684172520E-032   0.0000000000000000     
   1.8900000000000001        2.2816240129889595E-032   0.0000000000000000     
   1.9000000000000001        1.2385272545601574E-032   0.0000000000000000     
   1.9100000000000001        6.7059324089535969E-033   0.0000000000000000     
   1.9199999999999999        3.6216367654525459E-033   0.0000000000000000     
   1.9299999999999999        1.9509346565683885E-033   0.0000000000000000     
   1.9399999999999999        1.0482688285575668E-033   0.0000000000000000     
   1.9500000000000000        5.6181681667596059E-034   0.0000000000000000     
   1.9600000000000000        3.0033705113625065E-034   0.0000000000000000     
   1.9700000000000000        1.6014567148113434E-034   0.0000000000000000     
   1.9800000000000000        8.5175288253010533E-035   0.0000000000000000     
   1.9900000000000000        4.5186024555812696E-035   0.0000000000000000     
   2.0000000000000000        2.3910396103882465E-035   0.0000000000000000     
   2.0100000000000002        1.2620062982444879E-035   0.0000000000000000     
   2.0200000000000000        6.6439811047206189E-036   0.0000000000000000     
   2.0300000000000002        3.4888907457027194E-036   0.0000000000000000     
   2.0400000000000000        1.8274203869595506E-036   0.0000000000000000     
   2.0499999999999998        9.5473243339380561E-037   0.0000000000000000     
   2.0600000000000001        4.9752739816354294E-037   0.0000000000000000     
   2.0699999999999998        2.5860948056098559E-037   0.0000000000000000     
   2.0800000000000001        1.3407999866375760E-037   0.0000000000000000     
   2.0899999999999999        6.9338695484937764E-038   0.0000000000000000     
   2.1000000000000001        3.5766747706844174E-038   0.0000000000000000     
   2.1099999999999999        1.8402437465044719E-038   0.0000000000000000     
   2.1200000000000001        9.4441606206160760E-039   0.0000000000000000     
   2.1299999999999999        4.8344101556471695E-039   0.0000000000000000     
   2.1400000000000001        2.4684011337437559E-039   0.0000000000000000     
   2.1499999999999999        1.2571297255232372E-039   0.0000000000000000     
   2.1600000000000001        6.3861125572383664E-040   0.0000000000000000     
   2.1699999999999999        3.2358259744297681E-040   0.0000000000000000     
   2.1800000000000002        1.6354070273551768E-040   0.0000000000000000     
   2.1899999999999999        8.2443928337140229E-041   0.0000000000000000     
   2.2000000000000002        4.1455638585271435E-041   0.0000000000000000     
   2.2100000000000000        2.0792210175138079E-041   0.0000000000000000     
   2.2200000000000002        1.0401831597133718E-041   0.0000000000000000     
   2.2300000000000000        5.1905227038092376E-042   0.0000000000000000     
   2.2400000000000002        2.5834763275103546E-042   0.0000000000000000     
   2.2500000000000000        1.2825963292262316E-042   0.0000000000000000     
   2.2600000000000002        6.3513729284783069E-043   0.0000000000000000     
   2.2700000000000000        3.1371649149672848E-043   0.0000000000000000     
   2.2800000000000002        1.5456074409502670E-043   0.0000000000000000     
   2.2900000000000000        7.5954439839441592E-044   0.0000000000000000     
   2.3000000000000003        3.7230532275433622E-044   0.0000000000000000     
   2.3100000000000001        1.8202768260325116E-044   0.0000000000000000     
   2.3199999999999998        8.8770312705824962E-045   0.0000000000000000     
   2.3300000000000001        4.3180749293471433E-045   0.0000000000000000     
   2.3399999999999999        2.0950997900714647E-045   0.0000000000000000     
   2.3500000000000001        1.0139379243771056E-045   0.0000000000000000     
   2.3599999999999999        4.8945203220393056E-046   0.0000000000000000     
   2.3700000000000001        2.3566821888691437E-046   0.0000000000000000     
   2.3799999999999999        1.1318373409613584E-046   0.0000000000000000     
   2.3900000000000001        5.4219952267100897E-047   0.0000000000000000     
   2.3999999999999999        2.5907550821184981E-047   0.0000000000000000     
   2.4100000000000001        1.2347689539055821E-047   0.0000000000000000     
   2.4199999999999999        5.8699872613753768E-048   0.0000000000000000     
   2.4300000000000002        2.7834327377377045E-048   0.0000000000000000     
   2.4399999999999999        1.3164865240589722E-048   0.0000000000000000     
   2.4500000000000002        6.2107524539202287E-049   0.0000000000000000     
   2.4600000000000000        2.9225647117172000E-049   0.0000000000000000     
   2.4700000000000002        1.3717537856940101E-049   0.0000000000000000     
   2.4800000000000000        6.4221480547191312E-050   0.0000000000000000     
   2.4900000000000002        2.9990007495563196E-050   0.0000000000000000     
   2.5000000000000000        1.3968988181545322E-050   0.0000000000000000     
   2.5100000000000002        6.4900111107616530E-051   0.0000000000000000     
   2.5200000000000000        3.0075859370203836E-051   0.0000000000000000     
   2.5300000000000002        1.3902175458416818E-051   0.0000000000000000     
   2.5400000000000000        6.4097279958687709E-052   0.0000000000000000     
   2.5500000000000003        2.9477357571422196E-052   0.0000000000000000     
   2.5600000000000001        1.3521647621486871E-052   0.0000000000000000     
