           1  -2.8512117716145973     
           2  -2.4329222531270736     
           3  -1.8793852415718171     
           4  -1.8793852415718162     
           5  -1.8371875468105821     
           6  -1.5320888862379560     
           7  -1.5320888862379558     
           8  -1.2554770652981058     
           9 -0.99999999999999989     
          10 -0.99999999999999856     
          11 -0.34729635533386050     
          12 -0.34729635533385933     
          13  0.34729635533385933     
          14  0.34729635533386011     
          15  0.99999999999999856     
          16  0.99999999999999889     
          17   1.2554770652981067     
          18   1.5320888862379558     
          19   1.5320888862379571     
          20   1.8371875468105827     
          21   1.8793852415718155     
          22   1.8793852415718169     
          23   2.4329222531270722     
          24   2.8512117716145990     
