 # a;   E_m;    sigma^2
  0.20000000298023224      -0.27483983512187321        3.9013616459354708E-002
  0.40000000596046448      -0.34695878970239713        5.5301118384075483E-002
  0.60000002384185791      -0.42471932864217604        4.9002273276005599E-002
  0.80000001192092896      -0.47982501528896770        2.0377312306841418E-002
   1.0000000000000000      -0.50000000000000000        0.0000000000000000     
   1.2000000476837158      -0.48271441573838758        4.0784106815984891E-002
   1.3999999761581421      -0.42851438998896035       0.20948980324741676     
   1.6000000238418579      -0.33867309384251870       0.58076268639030670     
   1.8000000715255737      -0.21468665796709069        1.2325671837621095     
   2.0000000000000000       -5.8187477112199508E-002   2.2425690606475430     
