     0.000     3.000     0.000     0.000     0.000     0.000     0.000     3.000
     3.000     0.000     3.000     0.000     0.000     0.000     0.000     0.000
     0.000     3.000     0.000     3.000     0.000     0.000     0.000     0.000
     0.000     0.000     3.000     0.000     3.000     0.000     0.000     0.000
     0.000     0.000     0.000     3.000     0.000     3.000     0.000     0.000
     0.000     0.000     0.000     0.000     3.000     0.000     3.000     0.000
     0.000     0.000     0.000     0.000     0.000     3.000     0.000     3.000
     3.000     0.000     0.000     0.000     0.000     0.000     3.000     0.000
 
 ===========================================
 
 Autovalori:
    -6.000    -4.243    -4.243    -0.000     0.000     4.243     4.243     6.000
 
 ===========================================
 
 Autovettori:
 -------------------------------------------
 Numero            1 :
     0.354     0.404    -0.294    -0.467    -0.180    -0.288    -0.409     0.354
 -------------------------------------------
 Numero            2 :
    -0.354    -0.078     0.494    -0.180     0.467    -0.493    -0.086     0.354
 -------------------------------------------
 Numero            3 :
     0.354    -0.294    -0.404     0.467     0.180    -0.409     0.288     0.354
 -------------------------------------------
 Numero            4 :
    -0.354     0.494     0.078     0.180    -0.467    -0.086     0.493     0.354
 -------------------------------------------
 Numero            5 :
     0.354    -0.404     0.294    -0.467    -0.180     0.288     0.409     0.354
 -------------------------------------------
 Numero            6 :
    -0.354     0.078    -0.494    -0.180     0.467     0.493     0.086     0.354
 -------------------------------------------
 Numero            7 :
     0.354     0.294     0.404     0.467     0.180     0.409    -0.288     0.354
 -------------------------------------------
 Numero            8 :
    -0.354    -0.494    -0.078     0.180    -0.467     0.086    -0.493     0.354
