 # there are           26  atoms
 # index, eigenvectors, eigenvalues
           0 -0.19611613513818529      -0.26943162808901994       -6.5800263740934575E-002 -0.12963348409739450       0.24519020519557330      -0.18393821796532098      -0.20758084905602225      -0.22998539366556142       0.15501546898156240      -0.26030984867116930       -9.5717603437769361E-002  0.27467783690482905       -3.8407848629688483E-002 -0.27532740193743716       -3.3434991632389124E-002 -0.10453874057319551      -0.25689439200271968      -0.22911009832799697      -0.15630623713471167       0.17713318163666908      -0.21341722724828804       0.10339241649378866       0.25735789308791707        6.4890058173630569E-002 -0.26965228957548160       0.19611613513818499       -2.0000000000000009     
           1 -0.19611613513818560      -0.24585540082135496      -0.12836743671993903      -0.22873031953300652       0.15686146068874104      -0.27533129757239211       -3.3402896583677108E-002 -0.25822182434025703      -0.10121544525153557      -0.18180465840933541       0.20945200668349254        7.1236566769927845E-002  0.26804557164391019        6.6378263911728769E-002 -0.26928981228992277      -0.20313048088481001       0.18884142728380018       0.25878688128065963       -9.9761851426820577E-002 -0.27410788936005565        4.2284062170660060E-002 -0.21114961461758897      -0.17983024542584625      -0.12753648782240531       0.24628747673603404      -0.19611613513818488       -1.9418836348521047     
           2 -0.19611613513818515      -0.20799095130597375      -0.18347436087342775      -0.27542779526277539        3.2597645923646404E-002 -0.22823865311634170       0.15757599483016221       -6.3388036823048818E-002 -0.27000932152575180       0.13137220795307036       0.24426301377943394      -0.25750459836236184       0.10302649535588324       0.25932537079137397        9.8353591632402065E-002  0.24860086303130310       0.12296620602087344       -6.4905310016090303E-002  0.26964861886312769       0.23321222105232420       0.15011707722613957       0.27053498066120574        6.1105655726105525E-002  0.18277096037521279      -0.20860933096724132       0.19611613513818441       -1.9418836348521038     
           3 -0.19611613513818454      -0.15803882371703612      -0.22791842207511956      -0.25902808236259978       -9.9133896678336220E-002  -6.6346872438962812E-002  0.26929754815193740       0.18620480617291599      -0.20555010844361918       0.27497511233278926       -3.6218289863641603E-002 -0.13331406564408682      -0.24320862818683259      -0.12889470251407428       0.24557938143680827        2.6820318977025900E-002 -0.27605026247596215      -0.18504604428906457      -0.20659389733495628       -7.5015818764983269E-002 -0.26701255374625371      -0.26794404293528912        7.1617503297505020E-002 -0.22738344905642249       0.15880756914669794      -0.19611613513818382       -1.7709120513064207     
           4 -0.19611613513818443       -9.8902054141415577E-002 -0.25911669303556145      -0.18328815741994456      -0.20815505824427749       0.12891595886014057       0.24556822366553771       0.27494080894053163        3.6477780938579618E-002   6.3642829343483906E-002 -0.26994937895137505       0.22536612855420460      -0.16165761665806738      -0.22825229170428613      -0.15755623838749891      -0.26762209539388970        7.2811338265828016E-002  0.27514157858142929       -3.4931198931559111E-002 -0.12091192779543369       0.24960645552522950       0.20397035404866234      -0.18793395540013438       0.25878123818368054       -9.9776488649374842E-002  0.19611613513818377       -1.7709120513064178     
           5 -0.19611613513818424       -3.4017456673434851E-002 -0.27525604364763356       -6.5559124474127609E-002 -0.26949040450684503       0.25933683407416025        9.8323361493942094E-002  0.12616355582080854       0.24699359122399678      -0.22983899571196273      -0.15523244819686818       0.18764383559992273       0.20423728328693044       0.18392024951948305      -0.20759676957931703       0.16297988683744799       0.22441174971362252      -0.12755041801507616       0.24628026268309952       0.25602357383892410      -0.10665367580079899       -9.3269515158723948E-002  0.26119700317027622      -0.27513960237923130        3.4946761304529728E-002 -0.19611613513818377       -1.4970214963422026     
           6 -0.19611613513818385        3.2844111727981497E-002 -0.27539851351791400        6.7188713815614434E-002 -0.26908874680833550       0.25931685654220832       -9.8376037916480988E-002 -0.13160267217243257       0.24413892274717702      -0.22664689156830467       0.15985700943500172      -0.18013019852702428       0.21089378488161253       0.18391401908666796       0.20760228926113913       0.15203516666949274      -0.23196634458226195      -0.13022778677105495      -0.24487507116035578      -0.26236086581179013       -8.9943610187521464E-002  -3.8798245634571682E-002 -0.27462296527922897       0.27550785297626335        3.1913944781025667E-002  0.19611613513818379       -1.4970214963422019     
           7 -0.19611613513818332        9.7796899739256135E-002 -0.25953582281540011       0.18454442748197702      -0.20704210008697854       0.12886607453341256      -0.24559440497988949      -0.27568123309436104        3.0379839411187881E-002   6.9098804945721667E-002  0.26860460174418138      -0.23106842788828247      -0.15339640985471134      -0.22825702014572541       0.15754938805743129      -0.27080471304410508       -5.9898950877096784E-002  0.27550604743399243        3.1929527875862874E-002  0.13673628208027802       0.24130119371014205       0.16197779592253411       0.22513611560821525      -0.25986458858861416       -9.6919928398377014E-002 -0.19611613513818357       -1.1361294934623116     
           8 -0.19611613513818324       0.15706608741495240      -0.22858985346518715       0.25962323681366228       -9.7564603363484909E-002  -6.6401572816453494E-002 -0.26928406571978597      -0.18160690754012912      -0.20962349118547771       0.27565243941340839        3.0639999486199727E-002  0.12442575610808379      -0.24787357289555637      -0.12888733217999174      -0.24558324968653963        4.0022182689689705E-002  0.27444726600174046      -0.18278275934593013       0.20859899282826075        5.7663712207702937E-002 -0.27128946388959524      -0.24805018520869593      -0.12407329503567478       0.22911893888154169       0.15629327806682020       0.19611613513818330       -1.1361294934623107     
           9 -0.19611613513818338       0.20720716500208985      -0.18435907272188720       0.27522549139051794        3.4263768209652254E-002 -0.22827065643057509      -0.15752963002505657        6.9352269221537102E-002 -0.26853927026954622       0.12639659933666031      -0.24687441463060697       0.26106416304733632        9.3640694654998788E-002  0.25932832244160769       -9.8345808770371787E-002  0.24242058990035933      -0.13474173264226311       -6.7841163644656810E-002 -0.26892499593458341      -0.22306009881409969       0.16482496546373321       0.27729726639233537       -5.4132221842419269E-003 -0.18505772926013153      -0.20658343051697098      -0.19611613513818354      -0.70920977408507024     
          10 -0.19611613513818318       0.24530611532670568      -0.12941401278995404       0.22777690271653778       0.15824272340912798      -0.27532450684426274        3.3458823261442283E-002  0.26040006604125593       -9.5471893920600626E-002 -0.18601073575273411      -0.20572574731375673       -6.1490141013363232E-002  0.27044784983658765        6.6370182013404638E-002  0.26929180429895061      -0.21194923448649353      -0.17888711223469006       0.25985910623342767        9.6934626582251965E-002  0.27626205069322024        2.4542947456525400E-002 -0.24301888563981755       0.13365963543814754       0.13024163707159900       0.24486770488569237       0.19611613513818366      -0.70920977408506936     
          11 -0.19611613513818324       0.26914876587998293       -6.6947880835465670E-002  0.12814737063944853       0.24597017770712123      -0.18389604878510191       0.20761820768975026       0.22649592590746728       0.16007083578964651      -0.25831723121725486       0.10097170385473500      -0.27588779797970114       -2.8442922652014174E-002 -0.27532840525728219        3.3426728550048419E-002  -9.2104121192689167E-002  0.26161022109695820      -0.22739243109189622       0.15879470773673060      -0.19051012969722983      -0.20156628538974922       0.15306780688227434      -0.23128623698639633       -6.7856374345554804E-002 -0.26892115830434959      -0.19611613513818379      -0.24107336051064679     
          12 -0.19611613513818346       0.27734946847627306       -5.9098139246562388E-004  -8.3917970790803320E-004  0.27734882855439436        2.8168720570944867E-005  0.27735009668215360       -3.0713644687278300E-003  0.27733309150438046        2.8096305588637166E-003  0.27733586659355808       -5.0190575694853932E-003 -0.27730468078305326        4.1618860053469090E-006 -0.27735009808138783       0.27727037746986383       -6.6494135678296243E-003  -1.5118586798281250E-003 -0.27734597744767908        8.9357087344735363E-003  0.27720611470977607       -2.8050738235045745E-002  0.27592794894237394        1.5275457904314271E-003  0.27734589149099587       0.19611613513818377      -0.24107336051064648     
          13 -0.19611613513818327       0.26943162808902182        6.5800263740934575E-002 -0.12963348409739464       0.24519020519557364       0.18393821796532117       0.20758084905602164      -0.22998539366556120       0.15501546898156246       0.26030984867116896        9.5717603437769389E-002  0.27467783690482894       -3.8407848629688414E-002  0.27532740193743704        3.3434991632389485E-002 -0.10453874057319600      -0.25689439200271941       0.22911009832799598       0.15630623713471098       0.17713318163667041      -0.21341722724828829      -0.10339241649378998      -0.25735789308791635        6.4890058173628834E-002 -0.26965228957548293      -0.19611613513818377       0.24107336051064560     
          14 -0.19611613513818324       0.24585540082135673       0.12836743671993897      -0.22873031953300721       0.15686146068874068       0.27533129757239211        3.3402896583676768E-002 -0.25822182434025653      -0.10121544525153539       0.18180465840933510      -0.20945200668349317        7.1236566769927540E-002  0.26804557164390991       -6.6378263911728436E-002  0.26928981228992233      -0.20313048088481037       0.18884142728380038      -0.25878688128065819        9.9761851426820480E-002 -0.27410788936005637        4.2284062170660101E-002  0.21114961461759135       0.17983024542584597      -0.12753648782240190       0.24628747673603507       0.19611613513818368       0.24107336051064754     
          15 -0.19611613513818335       0.20799095130597520       0.18347436087342781      -0.27542779526277578        3.2597645923645419E-002  0.22823865311634131      -0.15757599483016194       -6.3388036823048291E-002 -0.27000932152575174      -0.13137220795307097      -0.24426301377943443      -0.25750459836236167       0.10302649535588274      -0.25932537079137402       -9.8353591632402163E-002  0.24860086303130444       0.12296620602087330        6.4905310016089401E-002 -0.26964861886312735       0.23321222105232395       0.15011707722613973      -0.27053498066120851       -6.1105655726105441E-002  0.18277096037520851      -0.20860933096724171      -0.19611613513818354       0.70920977408507113     
          16 -0.19611613513818324       0.15803882371703751       0.22791842207511956      -0.25902808236259989       -9.9133896678336914E-002   6.6346872438961924E-002 -0.26929754815193713       0.18620480617291624      -0.20555010844361948      -0.27497511233278960        3.6218289863641992E-002 -0.13331406564408618      -0.24320862818683342       0.12889470251407481      -0.24557938143680744        2.6820318977024835E-002 -0.27605026247596220       0.18504604428906435       0.20659389733495684       -7.5015818764982103E-002 -0.26701255374625399       0.26794404293529245       -7.1617503297504895E-002 -0.22738344905641830       0.15880756914669780       0.19611613513818338       0.70920977408507146     
          17 -0.19611613513818330        9.8902054141416507E-002  0.25911669303556117      -0.18328815741994453      -0.20815505824427788      -0.12891595886014151      -0.24556822366553724       0.27494080894053186        3.6477780938579049E-002  -6.3642829343483892E-002  0.26994937895137527       0.22536612855420485      -0.16165761665806710       0.22825229170428621       0.15755623838749949      -0.26762209539388937        7.2811338265828654E-002 -0.27514157858142901        3.4931198931557911E-002 -0.12091192779543487       0.24960645552522964      -0.20397035404866576       0.18793395540013405       0.25878123818367788       -9.9776488649375092E-002 -0.19611613513818363        1.1361294934623118     
          18 -0.19611613513818385        3.4017456673436440E-002  0.27525604364763301       -6.5559124474127831E-002 -0.26949040450684469      -0.25933683407416069       -9.8323361493942010E-002  0.12616355582080813       0.24699359122399661       0.22983899571196267       0.15523244819686854       0.18764383559992281       0.20423728328693105      -0.18392024951948327       0.20759676957931672       0.16297988683744905       0.22441174971362210       0.12755041801507516      -0.24628026268309910       0.25602357383892427      -0.10665367580079893        9.3269515158727334E-002 -0.26119700317027567      -0.27513960237923041        3.4946761304530317E-002  0.19611613513818382        1.1361294934623125     
          19 -0.19611613513818404       -3.2844111727980053E-002  0.27539851351791445        6.7188713815614087E-002 -0.26908874680833544      -0.25931685654220787        9.8376037916481043E-002 -0.13160267217243304       0.24413892274717730       0.22664689156830459      -0.15985700943500139      -0.18013019852702414       0.21089378488161195      -0.18391401908666744      -0.20760228926113930       0.15203516666949171      -0.23196634458226217       0.13022778677105587       0.24487507116035642      -0.26236086581178997       -8.9943610187521547E-002   3.8798245634568185E-002  0.27462296527922880       0.27550785297626479        3.1913944781025085E-002 -0.19611613513818382        1.4970214963422017     
          20 -0.19611613513818438       -9.7796899739255067E-002  0.25953582281540066       0.18454442748197700      -0.20704210008697801      -0.12886607453341165       0.24559440497988994      -0.27568123309436093        3.0379839411188478E-002  -6.9098804945721751E-002 -0.26860460174418083      -0.23106842788828214      -0.15339640985471159       0.22825702014572519      -0.15754938805743063      -0.27080471304410519       -5.9898950877096249E-002 -0.27550604743399282       -3.1929527875863929E-002  0.13673628208027702       0.24130119371014194      -0.16197779592253059      -0.22513611560821464      -0.25986458858861711       -9.6919928398376626E-002  0.19611613513818366        1.4970214963422024     
          21 -0.19611613513818435      -0.15706608741495093       0.22858985346518743       0.25962323681366223       -9.7564603363484131E-002   6.6401572816454299E-002  0.26928406571978630      -0.18160690754012879      -0.20962349118547735      -0.27565243941340822       -3.0639999486199446E-002  0.12442575610808423      -0.24787357289555567       0.12888733217999110       0.24558324968654030        4.0022182689690752E-002  0.27444726600174041       0.18278275934593030      -0.20859899282826050        5.7663712207704089E-002 -0.27128946388959502       0.24805018520869287       0.12407329503567399       0.22911893888154566       0.15629327806682028      -0.19611613513818385        1.7709120513064196     
          22 -0.19611613513818496      -0.20720716500208819       0.18435907272188704       0.27522549139051766        3.4263768209652989E-002  0.22827065643057542       0.15752963002505660        6.9352269221537644E-002 -0.26853927026954622      -0.12639659933665981       0.24687441463060641       0.26106416304733637        9.3640694654999190E-002 -0.25932832244160747        9.8345808770371801E-002  0.24242058990035792      -0.13474173264226333        6.7841163644657740E-002  0.26892499593458374      -0.22306009881409994       0.16482496546373304      -0.27729726639233293        5.4132221842425844E-003 -0.18505772926013567      -0.20658343051697042       0.19611613513818429        1.7709120513064198     
          23 -0.19611613513818527      -0.24530611532670385       0.12941401278995415       0.22777690271653717       0.15824272340912826       0.27532450684426263       -3.3458823261442561E-002  0.26040006604125643       -9.5471893920600792E-002  0.18601073575273414       0.20572574731375601       -6.1490141013363468E-002  0.27044784983658765       -6.6370182013404791E-002 -0.26929180429895094      -0.21194923448649314      -0.17888711223468973      -0.25985910623342873       -9.6934626582252187E-002  0.27626205069321891        2.4542947456525330E-002  0.24301888563981530      -0.13365963543814832       0.13024163707160236       0.24486770488569126      -0.19611613513818471        1.9418836348521022     
          24 -0.19611613513818518      -0.26914876587998060        6.6947880835465740E-002  0.12814737063944837       0.24597017770712079       0.18389604878510185      -0.20761820768975062       0.22649592590746762       0.16007083578964637       0.25831723121725492      -0.10097170385473510      -0.27588779797970114       -2.8442922652014251E-002  0.27532840525728247       -3.3426728550048239E-002  -9.2104121192688640E-002  0.26161022109695825       0.22739243109189719      -0.15879470773673132      -0.19051012969722914      -0.20156628538974886      -0.15306780688227328       0.23128623698639705       -6.7856374345556206E-002 -0.26892115830434776       0.19611613513818496        1.9418836348521036     
          25 -0.19611613513818527      -0.27734946847627123        5.9098139246564860E-004  -8.3917970790800545E-004  0.27734882855439380       -2.8168720570883772E-005 -0.27735009668215427       -3.0713644687277723E-003  0.27733309150438046       -2.8096305588636706E-003 -0.27733586659355763       -5.0190575694854071E-003 -0.27730468078305315       -4.1618860053649974E-006  0.27735009808138839       0.27727037746986377       -6.6494135678295757E-003   1.5118586798280717E-003  0.27734597744768058        8.9357087344736023E-003  0.27720611470977607        2.8050738235045874E-002 -0.27592794894237488        1.5275457904312404E-003  0.27734589149099470      -0.19611613513818504        1.9999999999999996     
