 #step, Pot, Kin, Tot, temp
        2000  -1.7196894225329447E-002   5.2279886415951349E-003  -1.1968905583734313E-002   110.05788719516244     
        4000  -5.8419127761007994E-003   5.2480028021995133E-003  -5.9390997390128611E-004   110.47921868249146     
        6000  -1.9877198544389244E-002   5.2241874507271630E-003  -1.4653011093662082E-002   109.97786578263946     
        8000  -2.0229313750187449E-002   5.2231901909681770E-003  -1.5006123559219271E-002   109.95687180013813     
       10000  -1.6302974021714205E-002   5.2545019825151699E-003  -1.1048472039199035E-002   110.61603727623334     
       12000  -1.9028162169855006E-002   5.2236597759927946E-003  -1.3804502393862212E-002   109.96675734871349     
       14000  -1.6179170065613428E-002   5.2248562443053372E-003  -1.0954313821308091E-002   109.99194500377584     
       16000  -1.7556654875630712E-002   5.2219499985619441E-003  -1.2334704877068767E-002   109.93076367992160     
       18000  -2.0600353602177025E-002   5.2256266680999084E-003  -1.5374726934077116E-002   110.00816371060331     
       20000  -2.4673488978950747E-002   5.2288992682174113E-003  -1.9444589710733335E-002   110.07705740553244     
       22000  -2.1901813601684396E-002   5.2344397974272419E-003  -1.6667373804257153E-002   110.19369479336559     
       24000  -2.6275430104723416E-002   5.2263513342465694E-003  -2.1049078770476848E-002   110.02341914256597     
       26000  -2.8087731991142416E-002   5.2323337189225817E-003  -2.2855398272219836E-002   110.14935832548464     
       28000  -2.7425382589824288E-002   5.2283200562214761E-003  -2.2197062533602811E-002   110.06486402622716     
       30000  -2.9366137089107586E-002   5.2255187178144860E-003  -2.4140618371293100E-002   110.00589117691011     
       32000  -2.8482958143185834E-002   5.2251783653943446E-003  -2.3257779777791490E-002   109.99872619036739     
       34000  -2.8528374256618711E-002   5.2268202437178064E-003  -2.3301554012900905E-002   110.03329046961507     
       36000  -2.7269662664467152E-002   5.2248330635580181E-003  -2.2044829600909133E-002   109.99145701035266     
       38000  -2.8545440023966192E-002   5.2235033769166359E-003  -2.3321936647049554E-002   109.96346488710707     
       40000  -3.1120057281830142E-002   5.2260797627695496E-003  -2.5893977519060592E-002   110.01770210968157     
       42000  -3.3160475607277952E-002   5.2243520275815896E-003  -2.7936123579696361E-002   109.98133040012836     
       44000  -2.9932699880136700E-002   5.2279259395365775E-003  -2.4704773940600121E-002   110.05656721217075     
       46000  -2.7059920755021658E-002   5.2338091887255177E-003  -2.1826111566296141E-002   110.18041942761471     
       48000  -2.7256528389545467E-002   5.2244416187867369E-003  -2.2032086770758730E-002   109.98321644453773     
       50000  -2.5183546977328764E-002   5.2254646150520639E-003  -1.9958082362276700E-002   110.00475222345558     
       52000  -2.5711088653581227E-002   5.2293512177194381E-003  -2.0481737435861791E-002   110.08657169692096     
       54000  -2.7873335238320130E-002   5.2278955779515336E-003  -2.2645439660368596E-002   110.05592805012758     
       56000  -2.6137970798601712E-002   5.2252409312272350E-003  -2.0912729867374476E-002   110.00004330558140     
       58000  -2.5993964758200740E-002   5.2293121224965917E-003  -2.0764652635704147E-002   110.08574867722430     
       60000  -2.7529014894492155E-002   5.2253495064851106E-003  -2.2303665388007043E-002   110.00232899598792     
       62000  -2.4427020727467757E-002   5.2308706316459277E-003  -1.9196150095821828E-002   110.11855789620110     
       64000  -2.4909259276867983E-002   5.2336202751255322E-003  -1.9675639001742452E-002   110.17644248101016     
       66000  -2.8078499303397900E-002   5.2278258294268052E-003  -2.2850673473971093E-002   110.05445972726140     
       68000  -3.0274340046266203E-002   5.2251486370413335E-003  -2.5049191409224868E-002   109.99810035891548     
       70000  -2.7682801755166384E-002   5.2238133270387779E-003  -2.2458988428127605E-002   109.96998985453094     
       72000  -2.6967844059221001E-002   5.2255828179789679E-003  -2.1742261241242032E-002   110.00724059236515     
       74000  -2.4199426468488053E-002   5.2254194062318418E-003  -1.8974007062256212E-002   110.00380050232967     
       76000  -2.3006934937684864E-002   5.2283282646424329E-003  -1.7778606673042430E-002   110.06503682718937     
       78000  -2.3467772007715566E-002   5.2255288415868663E-003  -1.8242243166128699E-002   110.00610429921680     
       80000  -2.8458953523691575E-002   5.2258732509037299E-003  -2.3233080272787844E-002   110.01335469020708     
       82000  -3.1108382555689228E-002   5.2339959469762326E-003  -2.5874386608712996E-002   110.18435100051953     
       84000  -3.4737397794231954E-002   5.2261883717212689E-003  -2.9511209422510686E-002   110.01998850939972     
       86000  -3.1983384261254806E-002   5.2311637620032119E-003  -2.6752220499251595E-002   110.12472877950003     
       88000  -3.3060321898930010E-002   5.2217247044894803E-003  -2.7838597194440529E-002   109.92602086364695     
       90000  -3.5036127644789812E-002   5.2241759148003207E-003  -2.9811951729989492E-002   109.97762293212425     
       92000  -3.2404422883566271E-002   5.2255675709660500E-003  -2.7178855312600222E-002   110.00691961729370     
       94000  -2.8875905927708709E-002   5.2274025413873975E-003  -2.3648503386321310E-002   110.04554880750126     
       96000  -2.7006070717092295E-002   5.2244828838531859E-003  -2.1781587833239108E-002   109.98408514306401     
       98000  -2.8297998070158582E-002   5.2286730990267725E-003  -2.3069324971131809E-002   110.07229616655952     
      100000  -2.9614534670822309E-002   5.2288587797409683E-003  -2.4385675891081340E-002   110.07620505552204     
      102000  -2.9255526841042157E-002   5.2261451743652841E-003  -2.4029381666676872E-002   110.01907913295345     
      104000  -3.1493709759412784E-002   5.2248494184394872E-003  -2.6268860340973296E-002   109.99180130790631     
      106000  -2.8411584751894432E-002   5.2247142461573255E-003  -2.3186870505737107E-002   109.98895570574420     
      108000  -2.6533248137682468E-002   5.2238424892482151E-003  -2.1309405648434254E-002   109.97060376771566     
      110000  -2.3598601393638782E-002   5.2250024222118595E-003  -1.8373598971426923E-002   109.99502229270078     
      112000  -2.1404671646238670E-002   5.2267041436420206E-003  -1.6177967502596650E-002   110.03084636923150     
      114000  -2.3614957416602217E-002   5.2272312540542652E-003  -1.8387726162547951E-002   110.04194292323483     
      116000  -2.4070660389740768E-002   5.2239625197416217E-003  -1.8846697869999145E-002   109.97313060995059     
      118000  -2.1391776935639407E-002   5.2214559293839186E-003  -1.6170321006255491E-002   109.92036269904931     
      120000  -2.3085207797426920E-002   5.2243621338395867E-003  -1.7860845663587331E-002   109.98154315372804     
      122000  -2.7646786402126134E-002   5.2245715531681908E-003  -2.2422214848957941E-002   109.98595178014712     
      124000  -3.1484518088041660E-002   5.2256258857878287E-003  -2.6258892202253831E-002   110.00814724162824     
      126000  -3.0281162115632396E-002   5.2304101303237739E-003  -2.5050751985308622E-002   110.10886357472465     
      128000  -2.9927585090999943E-002   5.2237756393954792E-003  -2.4703809451604462E-002   109.96919646673322     
      130000  -3.0372707883616130E-002   5.2278278825426770E-003  -2.5144880001073455E-002   110.05450294877745     
      132000  -3.2789379243674588E-002   5.2272300351623308E-003  -2.7562149208512257E-002   110.04191726352509     
      134000  -3.3711967257582326E-002   5.2254379980714166E-003  -2.8486529259510909E-002   110.00419189158526     
      136000  -3.4890799454005118E-002   5.2241457379964404E-003  -2.9666653716008677E-002   109.97698766003300     
      138000  -3.5309526837986396E-002   5.2256317305204606E-003  -3.0083895107465935E-002   110.00827028300587     
      140000  -3.3565278775557220E-002   5.2242374740780126E-003  -2.8341041301479207E-002   109.97891885767125     
      142000  -3.2500702700566750E-002   5.2259958583781912E-003  -2.7274706842188558E-002   110.01593578219457     
      144000  -2.9266417958767884E-002   5.2382399342015612E-003  -2.4028178024566322E-002   110.27369401545775     
      146000  -3.0994063709341553E-002   5.2236668823915254E-003  -2.5770396826950027E-002   109.96690695026841     
      148000  -3.1585014176624009E-002   5.2233414408895422E-003  -2.6361672735734466E-002   109.96005586344145     
      150000  -3.1394480820617063E-002   5.2218643577933641E-003  -2.6172616462823699E-002   109.92896079879581     
      152000  -2.8152867728427386E-002   5.2181651614018627E-003  -2.2934702567025525E-002   109.85108654024647     
      154000  -2.8378450442765730E-002   5.2276929861434958E-003  -2.3150757456622234E-002   110.05166315441257     
      156000  -3.0131307299585037E-002   5.2225824462419634E-003  -2.4908724853343073E-002   109.94407775923511     
      158000  -3.1187106097535954E-002   5.2307546900361816E-003  -2.5956351407499773E-002   110.11611713179217     
      160000  -3.6172332937990062E-002   5.2261477123171007E-003  -3.0946185225672961E-002   110.01913256107541     
      162000  -3.5753491108506202E-002   5.2258127727874033E-003  -3.0527678335718799E-002   110.01208152491145     
      164000  -3.1189053798226226E-002   5.2376561745864653E-003  -2.5951397623639759E-002   110.26140490117848     
      166000  -3.6090259662382690E-002   5.2243474405291711E-003  -3.0865912221853517E-002   109.98123383501847     
      168000  -3.8285457968200612E-002   5.2208130260119542E-003  -3.3064644942188658E-002   109.90682850996824     
      170000  -3.6803872650117996E-002   5.2169116022285997E-003  -3.1586961047889398E-002   109.82469702727283     
      172000  -3.5525556514731146E-002   5.2250547552869352E-003  -3.0300501759444209E-002   109.99612399128280     
      174000  -3.5721981973148235E-002   5.2227248753392843E-003  -3.0499257097808950E-002   109.94707612946904     
      176000  -3.7029068881959747E-002   5.2226428696558651E-003  -3.1806426012303879E-002   109.94534977295341     
      178000  -3.3681781654342061E-002   5.2231858561655213E-003  -2.8458595798176538E-002   109.95678054530680     
      180000  -2.9517843218474754E-002   5.2251996688704944E-003  -2.4292643549604261E-002   109.99917466409902     
      182000  -3.0482064307635618E-002   5.2272632779117468E-003  -2.5254801029723870E-002   110.04261707888739     
      184000  -3.2721456758201213E-002   5.2298195232178529E-003  -2.7491637234983358E-002   110.09643030933402     
      186000  -3.0611057720256744E-002   5.2212914660083121E-003  -2.5389766254248432E-002   109.91690047047899     
      188000  -2.6661542343518162E-002   5.2240668778320678E-003  -2.1437475465686095E-002   109.97532752194363     
      190000  -2.6382697278203596E-002   5.2261738689300570E-003  -2.1156523409273539E-002   110.01968320143740     
      192000  -2.8374585278302576E-002   5.2285795284957486E-003  -2.3146005749806828E-002   110.07032635069835     
      194000  -2.9326458663707675E-002   5.2228261719918564E-003  -2.4103632491715821E-002   109.94920859308485     
      196000  -2.8269285008472457E-002   5.2268737237942302E-003  -2.3042411284678228E-002   110.03441631448997     
      198000  -2.9498780005439009E-002   5.2236712693230778E-003  -2.4275108736115932E-002   109.96699930250003     
      200000  -2.6661838578288015E-002   5.2255259158370763E-003  -2.1436312662450940E-002   110.00604270730021     
      202000  -2.5600334407311704E-002   5.2227986564111623E-003  -2.0377535750900542E-002   109.94862934418364     
      204000  -2.4637445704841349E-002   5.2231715385850173E-003  -1.9414274166256330E-002   109.95647913633903     
      206000  -2.4783023638970170E-002   5.2247831451064861E-003  -1.9558240493863684E-002   109.99040614362660     
      208000  -2.5141008174171489E-002   5.2225639711155026E-003  -1.9918444203055986E-002   109.94368882698539     
      210000  -2.4515557092441024E-002   5.2231171981692781E-003  -1.9292439894271745E-002   109.95533517988548     
      212000  -2.4322177091143923E-002   5.2235575027080733E-003  -1.9098619588435849E-002   109.96460432536081     
      214000  -2.3968386093184354E-002   5.2236573911645335E-003  -1.8744728702019819E-002   109.96670714409797     
      216000  -2.3250682330366486E-002   5.2240780474249043E-003  -1.8026604282941582E-002   109.97556266051654     
      218000  -2.3752087586276352E-002   5.2242402752009937E-003  -1.8527847311075360E-002   109.97897782598548     
      220000  -2.4538867466312248E-002   5.2240570190033178E-003  -1.9314810447308931E-002   109.97511997714260     
      222000  -2.5082675152291751E-002   5.2254080839852848E-003  -1.9857267068306466E-002   110.00356215014114     
      224000  -2.3875317213173555E-002   5.2302217836316407E-003  -1.8645095429541916E-002   110.10489856247663     
      226000  -2.4780525221022056E-002   5.2248418111710245E-003  -1.9555683409851032E-002   109.99164116220751     
      228000  -2.3116963797666392E-002   5.2249252970895900E-003  -1.7892038500576801E-002   109.99339868014371     
      230000  -2.2888811977431391E-002   5.2256120376687858E-003  -1.7663199939762605E-002   110.00785571560782     
      232000  -2.2006730737894272E-002   5.2249363014205694E-003  -1.6781794436473704E-002   109.99363033967870     
      234000  -2.3055151466667655E-002   5.2256344414321650E-003  -1.7829517025235490E-002   110.00832735222217     
      236000  -2.3271460298801169E-002   5.2239500375780680E-003  -1.8047510261223101E-002   109.97286783957320     
      238000  -2.2529936419163944E-002   5.2248019706795015E-003  -1.7305134448484444E-002   109.99080245336125     
      240000  -2.2995649635451150E-002   5.2255614647131717E-003  -1.7770088170737979E-002   110.00679107047837     
      242000  -2.2781090977271844E-002   5.2251470528537200E-003  -1.7555943924418123E-002   109.99806700912197     
      244000  -2.2355180206699903E-002   5.2253222789787638E-003  -1.7129857927721138E-002   110.00175581153256     
      246000  -2.3297995902728283E-002   5.2244677232489720E-003  -1.8073528179479312E-002   109.98376598704000     
      248000  -2.1264967984474248E-002   5.2242645968553205E-003  -1.6040703387618926E-002   109.97948983740552     
      250000  -2.0567743665631841E-002   5.2256489791564446E-003  -1.5342094686475396E-002   110.00863339558387     
      252000  -2.1442581710505195E-002   5.2260873499233558E-003  -1.6216494360581840E-002   110.01786183193327     
      254000  -2.2849282859936561E-002   5.2266089760829642E-003  -1.7622673883853596E-002   110.02884293326457     
      256000  -2.3449314316771382E-002   5.2255175719121026E-003  -1.8223796744859279E-002   110.00586705375225     
      258000  -2.4205320146917359E-002   5.2228184992962525E-003  -1.8982501647621108E-002   109.94904707003552     
      260000  -2.4221736447013378E-002   5.2191743605594530E-003  -1.9002562086453925E-002   109.87233186701705     
      262000  -2.4792369393669252E-002   5.2227487685600543E-003  -1.9569620625109196E-002   109.94757912164758     
      264000  -2.2432175923767939E-002   5.2234218804346148E-003  -1.7208754043333323E-002   109.96174925013078     
      266000  -2.1085249656020457E-002   5.2254507625475750E-003  -1.5859798893472880E-002   110.00446060511420     
      268000  -2.2065655063413001E-002   5.2294025205008449E-003  -1.6836252542912156E-002   110.08765170610154     
      270000  -2.1742186073759922E-002   5.2254945176599434E-003  -1.6516691556099979E-002   110.00538172326334     
      272000  -2.2724402170234439E-002   5.2268610965557410E-003  -1.7497541073678697E-002   110.03415049004305     
      274000  -2.2988235876265452E-002   5.2234170367991464E-003  -1.7764818839466304E-002   109.96164728351943     
      276000  -2.1950459851245985E-002   5.2261316228825018E-003  -1.6724328228363484E-002   110.01879385162144     
      278000  -2.3068730137753325E-002   5.2249499738608162E-003  -1.7843780163892507E-002   109.99391816736723     
      280000  -2.4561846314773095E-002   5.2253623791190754E-003  -1.9336483935654021E-002   110.00259998641921     
      282000  -2.5943497947864845E-002   5.2246201348406102E-003  -2.0718877813024235E-002   109.98697450544157     
      284000  -2.3309747440270957E-002   5.2247398620527208E-003  -1.8085007578218237E-002   109.98949496309901     
      286000  -2.2688561625105842E-002   5.2240181791913844E-003  -1.7464543445914457E-002   109.97430233427198     
      288000  -2.0916854159532372E-002   5.2262336386301907E-003  -1.5690620520902181E-002   110.02094145338972     
      290000  -2.0096500171754558E-002   5.2243723646820074E-003  -1.4872127807072550E-002   109.98175853003778     
      292000  -1.8970038024116804E-002   5.2255996121220250E-003  -1.3744438411994780E-002   110.00759413710843     
      294000  -1.8625079076858793E-002   5.2245334056769841E-003  -1.3400545671181808E-002   109.98514871178338     
      296000  -1.8596773507582501E-002   5.2245241803971047E-003  -1.3372249327185396E-002   109.98495450424356     
      298000  -1.9246590282817368E-002   5.2231374319892387E-003  -1.4023452850828129E-002   109.95576113556891     
      300000  -1.9599528686034057E-002   5.2229912526131914E-003  -1.4376537433420867E-002   109.95268381570803     
      302000  -1.9576242140438849E-002   5.2245030807844721E-003  -1.4351739059654377E-002   109.98451032217926     
      304000  -1.9035260957786765E-002   5.2251863616872684E-003  -1.3810074596099496E-002   109.99889452568044     
      306000  -1.8858490807671505E-002   5.2241228818878912E-003  -1.3634367925783614E-002   109.97650650079780     
      308000  -1.8979373540449734E-002   5.2254169584700942E-003  -1.3753956581979639E-002   110.00374897285920     
      310000  -1.9337532988455614E-002   5.2275052650228348E-003  -1.4110027723432780E-002   110.04771131148821     
      312000  -2.1566545057397222E-002   5.2273108403290310E-003  -1.6339234217068191E-002   110.04361834715995     
      314000  -2.2997420775987258E-002   5.2310898399131056E-003  -1.7766330936074153E-002   110.12317259611635     
      316000  -2.2461572516289656E-002   5.2255101838101442E-003  -1.7236062332479513E-002   110.00571152187420     
      318000  -2.1704762510184872E-002   5.2150591380603628E-003  -1.6489703372124510E-002   109.78569956449360     
      320000  -2.0067591770556566E-002   5.2252099629770407E-003  -1.4842381807579526E-002   109.99939137222421     
      322000  -1.8812486032789982E-002   5.2266596038163891E-003  -1.3585826428973593E-002   110.02990873155838     
      324000  -1.6624408226332148E-002   5.2241928899300731E-003  -1.1400215336402075E-002   109.97798028693956     
      326000  -1.7202787609861252E-002   5.2268111139854778E-003  -1.1975976495875774E-002   110.03309827351066     
      328000  -1.8613752049142930E-002   5.2320748308478339E-003  -1.3381677218295095E-002   110.14390829938856     
      330000  -1.5356372109865523E-002   5.2237345975271040E-003  -1.0132637512338418E-002   109.96833246689896     
      332000  -1.4259738169432183E-002   5.2255503624780864E-003  -9.0341878069540964E-003   110.00655734989854     
      334000  -1.4339625481902428E-002   5.2247501750466241E-003  -9.1148753068558026E-003   109.98971206883459     
      336000  -1.3798883146232380E-002   5.2251560760842733E-003  -8.5737270701481058E-003   109.99825696318622     
      338000  -1.3876213484407665E-002   5.2254747422682520E-003  -8.6507387421394140E-003   110.00496541826017     
      340000  -1.4380588288010468E-002   5.2255426660261011E-003  -9.1550456219843673E-003   110.00639532673773     
      342000  -1.4117589615825266E-002   5.2252452918420114E-003  -8.8923443239832534E-003   110.00013510380096     
      344000  -1.4420666643554342E-002   5.2255001523850092E-003  -9.1951664911693320E-003   110.00550034363117     
      346000  -1.4162176084814643E-002   5.2245018832604790E-003  -8.9376742015541653E-003   109.98448511230036     
      348000  -1.4346394166913976E-002   5.2251277569988390E-003  -9.1212664099151360E-003   109.99766079916907     
      350000  -1.4154887402226604E-002   5.2246721582020197E-003  -8.9302152440245836E-003   109.98806968403396     
      352000  -1.3826590591494841E-002   5.2246180956181361E-003  -8.6019724958767037E-003   109.98693157640473     
      354000  -1.4269221780983400E-002   5.2250988749153815E-003  -9.0441229060680174E-003   109.99705278310380     
      356000  -1.3849667451771344E-002   5.2252926070826562E-003  -8.6243748446886877E-003   110.00113116859269     
      358000  -1.3812263609080340E-002   5.2254952430117740E-003  -8.5867683660685659E-003   110.00539699313009     
      360000  -1.4419077567198865E-002   5.2255115437475821E-003  -9.1935660234512828E-003   110.00574015082721     
      362000  -1.3759015297164065E-002   5.2252552170912918E-003  -8.5337600800727727E-003   110.00034404686502     
      364000  -1.4193598409853167E-002   5.2259319728778491E-003  -8.9676664369753179E-003   110.01459088577799     
      366000  -1.4369244841685438E-002   5.2249712737477338E-003  -9.1442735679377052E-003   109.99436656553952     
      368000  -1.3892640151193823E-002   5.2256527045021215E-003  -8.6669874466917020E-003   110.00871182032853     
      370000  -1.4392252122718725E-002   5.2251859272248458E-003  -9.1670661954938795E-003   109.99888537952125     
      372000  -1.3881525061259239E-002   5.2250028740185609E-003  -8.6565221872406777E-003   109.99503180398598     
      374000  -1.3834987810908920E-002   5.2252122248350810E-003  -8.6097755860738388E-003   109.99943898811134     
      376000  -1.4074637192883778E-002   5.2257174498307381E-003  -8.8489197430530395E-003   110.01007481756548     
      378000  -1.3968803215492554E-002   5.2250643091373665E-003  -8.7437389063551880E-003   109.99632511578118     
      380000  -1.3718512029751101E-002   5.2255416898488024E-003  -8.4929703399022997E-003   110.00637477657621     
      382000  -1.4236576426093406E-002   5.2261021776913302E-003  -9.0104742484020759E-003   110.01817398119888     
      384000  -1.3966330951527394E-002   5.2247005679971056E-003  -8.7416303835302876E-003   109.98866775764068     
      386000  -1.3983834338193045E-002   5.2252457841539812E-003  -8.7585885540390641E-003   110.00014546778966     
      388000  -1.4245013426820670E-002   5.2257449966104765E-003  -9.0192684302101943E-003   110.01065472325864     
      390000  -1.4005770941382157E-002   5.2251998031551871E-003  -8.7805711382269690E-003   109.99917749101594     
      392000  -1.3968346730217263E-002   5.2253753842883511E-003  -8.7429713459289127E-003   110.00287376694003     
      394000  -1.4421674649603604E-002   5.2255434783085577E-003  -9.1961311712950473E-003   110.00641242663926     
      396000  -1.4041963875088265E-002   5.2251849994979080E-003  -8.8167788755903580E-003   109.99886584932071     
      398000  -1.4188024982178502E-002   5.2253221169875838E-003  -8.9627028651909184E-003   110.00175240134784     
      400000  -1.4451666886573844E-002   5.2251322214889144E-003  -9.2265346650849296E-003   109.99775478413706     
      402000  -1.4087637232309845E-002   5.2253653822103077E-003  -8.8622718500995373E-003   110.00266320650226     
      404000  -1.4218913139715274E-002   5.2252099557256459E-003  -8.9937031839896278E-003   109.99939121957024     
      406000  -1.4171629429807273E-002   5.2248912976365436E-003  -8.9467381321707284E-003   109.99268293490695     
      408000  -1.4265289534945397E-002   5.2255012962416410E-003  -9.0397882387037564E-003   110.00552442372253     
      410000  -1.4234810082120915E-002   5.2255506874750541E-003  -9.0092593946458598E-003   110.00656419162718     
      412000  -1.4077390172231362E-002   5.2253124449576646E-003  -8.8520777272736960E-003   110.00154878897399     
      414000  -1.4349806098048146E-002   5.2250659868665677E-003  -9.1247401111815771E-003   109.99636043478124     
      416000  -1.4124303381502739E-002   5.2252215566604403E-003  -8.8990818248422983E-003   109.99963543861135     
      418000  -1.4150776496694920E-002   5.2257242784472012E-003  -8.9250522182477178E-003   110.01021857134000     
      420000  -1.4232253835340727E-002   5.2245364434329025E-003  -9.0077173919078241E-003   109.98521266161593     
      422000  -1.3927318407480498E-002   5.2250908045898053E-003  -8.7022276028906921E-003   109.99688288927985     
      424000  -1.4200607493920759E-002   5.2255970533360684E-003  -8.9750104405846905E-003   110.00754027039305     
      426000  -1.3994962954851052E-002   5.2249093690126839E-003  -8.7700535858383673E-003   109.99306336753853     
      428000  -1.3995027593912888E-002   5.2252201273927509E-003  -8.7698074665201360E-003   109.99960535014083     
      430000  -1.4222045095507891E-002   5.2253335740419134E-003  -8.9967115214659773E-003   110.00199359146501     
      432000  -1.3795717724261405E-002   5.2253926556213529E-003  -8.5703250686400521E-003   110.00323735732813     
      434000  -1.4030295909480397E-002   5.2254571624243233E-003  -8.8048387470560738E-003   110.00459533320210     
      436000  -1.4169212168395071E-002   5.2255408528606622E-003  -8.9436713155344079E-003   110.00635715657880     
      438000  -1.4093445594359631E-002   5.2255483712626855E-003  -8.8678972230969450E-003   110.00651543149073     
      440000  -1.4251375908960882E-002   5.2257616284178505E-003  -9.0256142805430310E-003   110.01100485056482     
      442000  -1.4289299928502891E-002   5.2249956633388522E-003  -9.0643042651640388E-003   109.99488000714241     
      444000  -1.4250332622942868E-002   5.2249487461668654E-003  -9.0253838767760039E-003   109.99389232236035     
      446000  -1.4125954535444891E-002   5.2248533521022491E-003  -8.9011011833426412E-003   109.99188411807332     
      448000  -1.4082468279781307E-002   5.2251699999785028E-003  -8.8572982798028038E-003   109.99855008440080     
      450000  -1.4016285092853938E-002   5.2248205587318280E-003  -8.7914645341221100E-003   109.99119376288895     
      452000  -1.4106182624963198E-002   5.2252799350306382E-003  -8.8809026899325585E-003   110.00086440074618     
      454000  -1.4264769934341042E-002   5.2257459084994844E-003  -9.0390240258415577E-003   110.01067392004433     
      456000  -1.4178470554091344E-002   5.2253104863492182E-003  -8.9531600677421261E-003   110.00150755699698     
      458000  -1.4157108988739868E-002   5.2255663355559867E-003  -8.9315426531838809E-003   110.00689360984978     
      460000  -1.4471719073549220E-002   5.2251419920160474E-003  -9.2465770815331715E-003   109.99796047004166     
      462000  -1.4259102386585802E-002   5.2249533353562454E-003  -9.0341490512295571E-003   109.99398893245684     
      464000  -1.4254117057290931E-002   5.2247331161964679E-003  -9.0293839410944630E-003   109.98935295156504     
      466000  -1.4188822653457943E-002   5.2250117803390589E-003  -8.9638108731188836E-003   109.99521929689843     
      468000  -1.4110889934289342E-002   5.2250474434977785E-003  -8.8858424907915633E-003   109.99597006591658     
      470000  -1.4307266385431484E-002   5.2252489886505972E-003  -9.0820173967808872E-003   110.00021292779222     
      472000  -1.4295902170370285E-002   5.2256374919893442E-003  -9.0702646783809397E-003   110.00839157154262     
      474000  -1.4150281444377223E-002   5.2249846455562181E-003  -8.9252967988210051E-003   109.99464806442765     
      476000  -1.4003628010046874E-002   5.2251802414653870E-003  -8.7784477685814866E-003   109.99876568479428     
      478000  -1.4426238612928024E-002   5.2252816562349232E-003  -9.2009569566930995E-003   110.00090063496933     
      480000  -1.4078299395262523E-002   5.2250445562313438E-003  -8.8532548390311792E-003   109.99590928413886     
      482000  -1.3900735068035304E-002   5.2253576034971974E-003  -8.6753774645381074E-003   110.00249945160746     
      484000  -1.4303834735316498E-002   5.2251756428277306E-003  -9.0786590924887677E-003   109.99866887579580     
      486000  -1.3946320669845760E-002   5.2251645090717830E-003  -8.7211561607739782E-003   109.99843449164921     
      488000  -1.3848983878912929E-002   5.2253682880646878E-003  -8.6236155908482413E-003   110.00272437958726     
      490000  -1.4349049815260716E-002   5.2246992100497399E-003  -9.1243506052109749E-003   109.98863917058202     
      492000  -1.3741590050697644E-002   5.2251462164091969E-003  -8.5164438342884459E-003   109.99804940056860     
      494000  -1.3638753175154630E-002   5.2256509698089156E-003  -8.4131022053457148E-003   110.00867530214107     
      496000  -1.4206447144608562E-002   5.2255377939532570E-003  -8.9809093506553056E-003   110.00629276147215     
      498000  -1.3952154198424467E-002   5.2252175028099455E-003  -8.7269366956145220E-003   109.99955009829195     
      500000  -1.3833905279615831E-002   5.2260328469069875E-003  -8.6078724327088435E-003   110.01671445246510     
      502000  -1.4281051662438838E-002   5.2259406398323304E-003  -9.0551110226065080E-003   110.01477333963626     
      504000  -1.3660803332942707E-002   5.2251790801973608E-003  -8.4356242527453464E-003   109.99874123816400     
      506000  -1.3964457309077838E-002   5.2254365518821216E-003  -8.7390207571957160E-003   110.00416144688670     
      508000  -1.3912926387926079E-002   5.2253630908918516E-003  -8.6875632970342277E-003   110.00261497042420     
      510000  -1.3330279684730677E-002   5.2249510907189899E-003  -8.1053285940116872E-003   109.99394167909598     
      512000  -1.3909157195901314E-002   5.2258425934028829E-003  -8.6833146024984306E-003   110.01270929864233     
      514000  -1.4107546044314575E-002   5.2249887188261816E-003  -8.8825573254883924E-003   109.99473381355926     
      516000  -1.3557623226460177E-002   5.2253004558982467E-003  -8.3323227705619299E-003   110.00129639926172     
      518000  -1.3500319779132613E-002   5.2254892593038898E-003  -8.2748305198287221E-003   110.00527102609144     
      520000  -1.3525767338437522E-002   5.2255108715440132E-003  -8.3002564668935089E-003   110.00572599982007     
      522000  -1.4144295031442463E-002   5.2257524138359735E-003  -8.9185426176064883E-003   110.01081086823579     
      524000  -1.3742801181556446E-002   5.2243110463720266E-003  -8.5184901351844193E-003   109.98046767726332     
      526000  -1.3649016922861410E-002   5.2255452454398992E-003  -8.4234716774215113E-003   110.00644962770360     
      528000  -1.3769346192663423E-002   5.2256189995316020E-003  -8.5437271931318205E-003   110.00800227444049     
      530000  -1.3561284573033058E-002   5.2251956303145611E-003  -8.3360889427184972E-003   109.99908964575567     
      532000  -1.3992750386580578E-002   5.2256172272691116E-003  -8.7671331593114667E-003   110.00796496535689     
      534000  -1.3840572328001824E-002   5.2249115239881728E-003  -8.6156608040136515E-003   109.99310873336954     
      536000  -1.3531752247210028E-002   5.2251946073622046E-003  -8.3065576398478232E-003   109.99906811090111     
      538000  -1.3636231573386726E-002   5.2254321991751680E-003  -8.4107993742115576E-003   110.00406981514001     
      540000  -1.4299112659826805E-002   5.2254518752997831E-003  -9.0736607845270222E-003   110.00448403040554     
      542000  -1.3637452866663406E-002   5.2247478601916853E-003  -8.4127050064717202E-003   109.98966333727428     
      544000  -1.3975225494344797E-002   5.2253273195624903E-003  -8.7498981747823057E-003   110.00186192423349     
      546000  -1.4210890256202660E-002   5.2248377616177545E-003  -8.9860524945849056E-003   109.99155591235187     
      548000  -1.3484245947965228E-002   5.2251038897622769E-003  -8.2591420582029500E-003   109.99715835400147     
      550000  -1.3812228665122554E-002   5.2254164200554861E-003  -8.5868122450670666E-003   110.00373763833301     
      552000  -1.4331283760817657E-002   5.2255429821235115E-003  -9.1057407786941449E-003   110.00640198111584     
      554000  -1.3719745605303119E-002   5.2255170384026455E-003  -8.4942285669004740E-003   110.00585582248769     
      556000  -1.3698365942661068E-002   5.2250177514267101E-003  -8.4733481912343568E-003   109.99534499826012     
      558000  -1.3906300380977836E-002   5.2254674519781556E-003  -8.6808329289996804E-003   110.00481194548506     
      560000  -1.3591353821279186E-002   5.2248323288247127E-003  -8.3665214924544731E-003   109.99144154299020     
      562000  -1.3282000919382336E-002   5.2251200836661415E-003  -8.0568808357161948E-003   109.99749926270786     
      564000  -1.3913008849153558E-002   5.2242466803754462E-003  -8.6887621687781122E-003   109.97911266559889     
      566000  -1.3863900614873571E-002   5.2246291665413204E-003  -8.6392714483322502E-003   109.98716463781678     
      568000  -1.3651535706534162E-002   5.2255758351173465E-003  -8.4259598714168157E-003   110.00709359147258     
      570000  -1.4014043557904334E-002   5.2251848636512988E-003  -8.7888586942530354E-003   109.99886298952283     
      572000  -1.3788981451552735E-002   5.2245630860159164E-003  -8.5644183655368186E-003   109.98577353245881     
      574000  -1.3919111294093359E-002   5.2256930213665075E-003  -8.6934182727268512E-003   110.00956055761868     
      576000  -1.3844191578706026E-002   5.2264204515831770E-003  -8.6177711271228502E-003   110.02487417786865     
      578000  -1.3449803125448453E-002   5.2255759598073756E-003  -8.2242271656410779E-003   110.00709621640583     
      580000  -1.3753477152989552E-002   5.2257091782369983E-003  -8.5277679747525533E-003   110.00990068671074     
      582000  -1.3580023622295712E-002   5.2249967418731506E-003  -8.3550268804225610E-003   109.99490271208963     
      584000  -1.3686167311777624E-002   5.2255976537395263E-003  -8.4605696580380974E-003   110.00755290988799     
      586000  -1.4118206337791745E-002   5.2254947021691299E-003  -8.8927116356226146E-003   110.00538560748969     
      588000  -1.4041577918046704E-002   5.2257468165631347E-003  -8.8158311014835695E-003   110.01069303629986     
      590000  -1.4126641873769767E-002   5.2255347770560441E-003  -8.9011070967137222E-003   110.00622925075017     
      592000  -1.4057825695499983E-002   5.2248504196943059E-003  -8.8329752758056768E-003   109.99182238599150     
      594000  -1.3885841932593478E-002   5.2254832831722942E-003  -8.6603586494211834E-003   110.00514521854629     
      596000  -1.3783979374548214E-002   5.2249547888173643E-003  -8.5590245857308494E-003   109.99401953023944     
      598000  -1.4451580170854007E-002   5.2255833480863425E-003  -9.2259968227676632E-003   110.00725175201022     
      600000  -1.4027996503227625E-002   5.2243195444134152E-003  -8.8036769588142102E-003   109.98064657521904     
      602000  -1.4426358382562812E-002   5.2256051877559535E-003  -9.2007531948068572E-003   110.00771151350918     
      604000  -1.4164504286025175E-002   5.2242519057969306E-003  -8.9402523802282440E-003   109.97922266944315     
      606000  -1.4060608970489476E-002   5.2252220591794858E-003  -8.8353869113099899E-003   109.99964601747604     
      608000  -1.4313933179544654E-002   5.2249206302532568E-003  -9.0890125492913976E-003   109.99330043544926     
      610000  -1.3721212915874038E-002   5.2248153838478284E-003  -8.4963975320262106E-003   109.99108482294311     
      612000  -1.4017989282646266E-002   5.2253702439051895E-003  -8.7926190387410761E-003   110.00276555329441     
      614000  -1.4310943694380799E-002   5.2252062846924385E-003  -9.0857374096883596E-003   109.99931393819372     
      616000  -1.3920087725816512E-002   5.2252699047002863E-003  -8.6948178211162259E-003   110.00065324555017     
      618000  -1.3962120995038688E-002   5.2254748089630527E-003  -8.7366461860756348E-003   110.00496682229705     
      620000  -1.4271406381685080E-002   5.2252753779238213E-003  -9.0461310037612576E-003   110.00076846604119     
      622000  -1.4236862725922282E-002   5.2253770079230266E-003  -9.0114857179992552E-003   110.00290794716004     
      624000  -1.4041381196162354E-002   5.2250628396339899E-003  -8.8163183565283642E-003   109.99629418028228     
      626000  -1.3929882753696259E-002   5.2251643440749760E-003  -8.7047184096212833E-003   109.99843101819101     
      628000  -1.4397067678469572E-002   5.2252178096831737E-003  -9.1718498687863980E-003   109.99955655848562     
      630000  -1.4078079138824364E-002   5.2249089316976039E-003  -8.8531702071267607E-003   109.99305416132614     
      632000  -1.3841222874720237E-002   5.2253365775100109E-003  -8.6158862972102266E-003   110.00205681948169     
      634000  -1.4383239810734241E-002   5.2251547394692724E-003  -9.1580850712649695E-003   109.99822882520944     
      636000  -1.3844084635388124E-002   5.2251036022202242E-003  -8.6189810331679002E-003   109.99715230076131     
      638000  -1.3999833710341374E-002   5.2253802381358799E-003  -8.7744534722054950E-003   110.00297594853230     
      640000  -1.4414026310025772E-002   5.2249111532378109E-003  -9.1891151567879623E-003   109.99310092845558     
      642000  -1.3786454357685133E-002   5.2253029805628334E-003  -8.5611513771222999E-003   110.00134954766531     
      644000  -1.3893204490535660E-002   5.2249842561955823E-003  -8.6682202343400776E-003   109.99463986773637     
      646000  -1.4341863504829329E-002   5.2251191949398545E-003  -9.1167443098894747E-003   109.99748055353609     
      648000  -1.4046695563894044E-002   5.2251804547851213E-003  -8.8215151091089218E-003   109.99877017553075     
      650000  -1.4169037503632012E-002   5.2252421683433052E-003  -8.9437953352887074E-003   110.00006934893962     
      652000  -1.4231454090441322E-002   5.2249925769067857E-003  -9.0064615135345364E-003   109.99481503259570     
      654000  -1.4183244776671516E-002   5.2253294379641935E-003  -8.9579153387073229E-003   110.00190652012527     
      656000  -1.4353037144811696E-002   5.2252385455808003E-003  -9.1277985992308970E-003   109.99999308374196     
      658000  -1.4151337412416802E-002   5.2245559741066769E-003  -8.9267814383101260E-003   109.98562381489849     
      660000  -1.4278869790707704E-002   5.2252106505951048E-003  -9.0536591401125990E-003   109.99940584773219     
      662000  -1.4200312402923467E-002   5.2253199433647595E-003  -8.9749924595587081E-003   110.00170664295929     
      664000  -1.4244642097219925E-002   5.2255736598859851E-003  -9.0190684373339398E-003   110.00704779922165     
      666000  -1.4284360130217564E-002   5.2256400766921476E-003  -9.0587200535254160E-003   110.00844598385088     
      668000  -1.4273242770792465E-002   5.2255667028027588E-003  -9.0476760679897052E-003   110.00690134100732     
      670000  -1.4445238693907080E-002   5.2253358967621144E-003  -9.2199027971449667E-003   110.00204248860220     
      672000  -1.4121300610180146E-002   5.2253640987698054E-003  -8.8959365114103413E-003   110.00263618793744     
      674000  -1.4463263872785462E-002   5.2251314325118207E-003  -9.2381324402736418E-003   109.99773817485232     
      676000  -1.3922389421410610E-002   5.2251512538591133E-003  -8.6972381675514965E-003   109.99815544729759     
      678000  -1.4055821860945346E-002   5.2252400688141513E-003  -8.8305817921311945E-003   110.00002515034650     
      680000  -1.4372665850418747E-002   5.2248757759129931E-003  -9.1477900745057551E-003   109.99235617671815     
      682000  -1.4019459024743719E-002   5.2253036533849734E-003  -8.7941553713587455E-003   110.00136371169440     
      684000  -1.3974973638360220E-002   5.2258239769620261E-003  -8.7491496613981944E-003   110.01231739148869     
      686000  -1.4162802199122228E-002   5.2244473176933552E-003  -8.9383548814288734E-003   109.98333641603436     
      688000  -1.3902023832155231E-002   5.2250425287146025E-003  -8.6769813034406288E-003   109.99586660152723     
      690000  -1.4168316759893470E-002   5.2257407465054343E-003  -8.9425760133880344E-003   110.01056525145344     
      692000  -1.4044071081857967E-002   5.2250180438020103E-003  -8.8190530380559563E-003   109.99535115324821     
      694000  -1.3742436873272219E-002   5.2249233108698041E-003  -8.5175135624024137E-003   109.99335686690193     
      696000  -1.4079980593999517E-002   5.2255338596425447E-003  -8.8544467343569730E-003   110.00620993766471     
      698000  -1.4089612906409565E-002   5.2255061844829363E-003  -8.8641067219266297E-003   110.00562732936100     
      700000  -1.3659004253960126E-002   5.2256381058778988E-003  -8.4333661480822282E-003   110.00840449492136     
      702000  -1.4028966360903106E-002   5.2262191819678044E-003  -8.8027471789353020E-003   110.02063711651618     
      704000  -1.3865762664891618E-002   5.2252011023539210E-003  -8.6405615625376967E-003   109.99920484131783     
      706000  -1.4028521575898087E-002   5.2254758165654813E-003  -8.8030457593326061E-003   110.00498803401001     
      708000  -1.3785308169902581E-002   5.2246170338230207E-003  -8.5606911360795596E-003   109.98690922384526     
      710000  -1.3495218663057102E-002   5.2250625666458370E-003  -8.2701560964112651E-003   109.99628843342600     
      712000  -1.4153255668298425E-002   5.2251115763147869E-003  -8.9281440919836384E-003   109.99732016876180     
      714000  -1.3877798464635932E-002   5.2246850480835169E-003  -8.6531134165524146E-003   109.98834103755460     
      716000  -1.3621378016720071E-002   5.2248996524477224E-003  -8.3964783642723490E-003   109.99285881762769     
      718000  -1.3696648205608796E-002   5.2251570892723241E-003  -8.4714911163364728E-003   109.99827829248585     
      720000  -1.4341781560838120E-002   5.2250975512564638E-003  -9.1166840095816565E-003   109.99702491787420     
      722000  -1.3701976836887815E-002   5.2248025141758119E-003  -8.4771743227120035E-003   109.99081389486577     
      724000  -1.3940293023839138E-002   5.2241385927205806E-003  -8.7161544311185578E-003   109.97683724004963     
      726000  -1.3939174599953521E-002   5.2248459997450893E-003  -8.7143286002084319E-003   109.99172933868293     
      728000  -1.3400253025728896E-002   5.2261025521573362E-003  -8.1741504735715585E-003   110.01818186433334     
      730000  -1.3382895644027068E-002   5.2250462338168276E-003  -8.1578494102102408E-003   109.99594460011343     
      732000  -1.3876404129768418E-002   5.2258147121544522E-003  -8.6505894176139662E-003   110.01212235182493     
      734000  -1.3837534453453645E-002   5.2261324148089264E-003  -8.6114020386447183E-003   110.01881052299453     
      736000  -1.3341158851813676E-002   5.2248294976805602E-003  -8.1163293541331154E-003   109.99138194268019     
      738000  -1.3423670634972223E-002   5.2255709665391132E-003  -8.1980996684331096E-003   110.00699109977440     
      740000  -1.3721640060023205E-002   5.2239474461076791E-003  -8.4976926139155272E-003   109.97281328479596     
      742000  -1.3052573109550065E-002   5.2246148267009246E-003  -7.8279582828491394E-003   109.98686276024111     
      744000  -1.2949222669326540E-002   5.2247828932668024E-003  -7.7244397760597378E-003   109.99040084198090     
      746000  -1.4040495091157238E-002   5.2252634000120824E-003  -8.8152316911451548E-003   110.00051631100618     
      748000  -1.3681019201161597E-002   5.2247502124664526E-003  -8.4562689886951443E-003   109.98971285658443     
      750000  -1.2852475293253909E-002   5.2250716744721079E-003  -7.6274036187818015E-003   109.99648016837132     
      752000  -1.3056939541171098E-002   5.2256516154013579E-003  -7.8312879257697397E-003   110.00868889293957     
      754000  -1.3134646867784303E-002   5.2248632176252431E-003  -7.9097836501590586E-003   109.99209180379937     
      756000  -1.3121820038233286E-002   5.2254653598785058E-003  -7.8963546783547799E-003   110.00476790329540     
      758000  -1.4167466877406672E-002   5.2241260409774176E-003  -8.9433408364292533E-003   109.97657300490532     
      760000  -1.3218691513190255E-002   5.2242524719835273E-003  -7.9944390412067280E-003   109.97923458861605     
      762000  -1.3669073443971625E-002   5.2256443203393399E-003  -8.4434291236322855E-003   110.00853531970756     
      764000  -1.3702452747811874E-002   5.2246376530731440E-003  -8.4778150947387304E-003   109.98734329347694     
      766000  -1.4301090446639537E-002   5.2259787625528143E-003  -9.0751116840867216E-003   110.01557588653493     
      768000  -1.3983262027013802E-002   5.2241147247411041E-003  -8.7591473022726983E-003   109.97633477924244     
      770000  -1.4006734538174560E-002   5.2259086065435155E-003  -8.7808259316310457E-003   110.01409898543838     
      772000  -1.4250611269127848E-002   5.2246606315637682E-003  -9.0259506375640793E-003   109.98782702905909     
      774000  -1.3639502673623530E-002   5.2248681631435184E-003  -8.4146345104800114E-003   109.99219591521387     
      776000  -1.3197680320185640E-002   5.2248788636563267E-003  -7.9728014565293125E-003   109.99242117886922     
      778000  -1.3230060202173615E-002   5.2251834939223158E-003  -8.0048767082512989E-003   109.99883415444147     
      780000  -1.3161821995501271E-002   5.2250193023215550E-003  -7.9368026931797148E-003   109.99537764718528     
      782000  -1.3147411402727483E-002   5.2254551185414956E-003  -7.9219562841859881E-003   110.00455230605704     
      784000  -1.3364523056562582E-002   5.2252955874363492E-003  -8.1392274691262333E-003   110.00119391001259     
      786000  -1.3569903010507587E-002   5.2258731835271932E-003  -8.3440298269803932E-003   110.01335327181853     
      788000  -1.3551965174004395E-002   5.2259381144593104E-003  -8.3260270595450839E-003   110.01472017631896     
      790000  -1.3037922575255222E-002   5.2250131604637531E-003  -7.8129094147914684E-003   109.99524835082687     
      792000  -1.3416421408153070E-002   5.2250548611106219E-003  -8.1913665470424481E-003   109.99612621904804     
      794000  -1.3921330197012038E-002   5.2253493920132741E-003  -8.6959808049987646E-003   110.00232658616468     
      796000  -1.3754232183582299E-002   5.2246152564111850E-003  -8.5296169271711145E-003   109.98687180635935     
      798000  -1.3936878081973893E-002   5.2256214589505709E-003  -8.7112566230233210E-003   110.00805404931492     
      800000  -1.4229274236153723E-002   5.2256429193846396E-003  -9.0036313167690847E-003   110.00850582727271     
      802000  -1.4119889661273156E-002   5.2255342138111055E-003  -8.8943554474620497E-003   110.00621739350407     
      804000  -1.4350432390364912E-002   5.2255809226962810E-003  -9.1248514676686310E-003   110.00720069350109     
      806000  -1.4109616085786149E-002   5.2257090226106445E-003  -8.8839070631755047E-003   110.00989741051622     
      808000  -1.4407735517717889E-002   5.2255784431080041E-003  -9.1821570746098841E-003   110.00714849402905     
      810000  -1.4198251905224529E-002   5.2254932434248813E-003  -8.9727586617996472E-003   110.00535489848839     
      812000  -1.4417806165139874E-002   5.2253012833908064E-003  -9.1925048817490668E-003   110.00131381936131     
      814000  -1.4074358867422771E-002   5.2251436548056990E-003  -8.8492152126170721E-003   109.99799547453928     
      816000  -1.4453211403209890E-002   5.2251734263376124E-003  -9.2280379768722772E-003   109.99862221497916     
      818000  -1.4023225480038896E-002   5.2253189290582666E-003  -8.7979065509806303E-003   110.00168529011458     
      820000  -1.4048671454626134E-002   5.2255773649627435E-003  -8.8230940896633914E-003   110.00712579727174     
      822000  -1.4370720107725018E-002   5.2250824259558494E-003  -9.1456376817691688E-003   109.99670650504990     
      824000  -1.3857840898735303E-002   5.2253036171619046E-003  -8.6325372815733992E-003   110.00136294913834     
      826000  -1.4076860929560236E-002   5.2257609939564773E-003  -8.8510999356037588E-003   110.01099149409390     
      828000  -1.4037092890998292E-002   5.2249455900612012E-003  -8.8121473009370906E-003   109.99382588106812     
      830000  -1.4241150000162142E-002   5.2254442824186597E-003  -9.0157057177434816E-003   110.00432418758423     
      832000  -1.3853639164430463E-002   5.2256212244736894E-003  -8.6280179399567739E-003   110.00804911318518     
      834000  -1.3657861037348274E-002   5.2255817804817521E-003  -8.4322792568665220E-003   110.00721875131703     
      836000  -1.4077809619799495E-002   5.2257454240204008E-003  -8.8520641957790941E-003   110.01066372095094     
      838000  -1.3726452372155669E-002   5.2249367821844660E-003  -8.5015155899712033E-003   109.99364046056118     
      840000  -1.4138328731706224E-002   5.2258219484432452E-003  -8.9125067832629794E-003   110.01227468778245     
      842000  -1.4138517907109212E-002   5.2247944314225804E-003  -8.9137234756866308E-003   109.99064373941893     
      844000  -1.3794647897907150E-002   5.2251190890993679E-003  -8.5695288088077810E-003   109.99747832541719     
      846000  -1.3760282175649520E-002   5.2253986290397535E-003  -8.5348835466097662E-003   110.00336310775599     
      848000  -1.4327959308975383E-002   5.2253834676380577E-003  -9.1025758413373244E-003   110.00304393494366     
      850000  -1.3666523342843937E-002   5.2248567990539991E-003  -8.4416665437899371E-003   109.99195668216113     
      852000  -1.3942653627887644E-002   5.2260992638495860E-003  -8.7165543640380580E-003   110.01811263996653     
      854000  -1.4219601628228312E-002   5.2252592913715904E-003  -8.9943423368567220E-003   110.00042981726590     
      856000  -1.3331740568243461E-002   5.2258858799564094E-003  -8.1058546882870515E-003   110.01362055284575     
      858000  -1.3864617006857396E-002   5.2268440851501816E-003  -8.6377729217072142E-003   110.03379237156145     
      860000  -1.3907743726067959E-002   5.2253457604333545E-003  -8.6823979656346049E-003   110.00225013534573     
      862000  -1.3437673835472522E-002   5.2250033286407298E-003  -8.2126705068317919E-003   109.99504137454146     
      864000  -1.3179490663533465E-002   5.2259816325623994E-003  -7.9535090309710652E-003   110.01563630502716     
      866000  -1.3809305935824681E-002   5.2259700200792914E-003  -8.5833359157453902E-003   110.01539184287478     
      868000  -1.3715608707536929E-002   5.2252332879781614E-003  -8.4903754195587676E-003   109.99988240243069     
      870000  -1.3153684984653866E-002   5.2251422026401099E-003  -7.9285427820137561E-003   109.99796490402974     
      872000  -1.3175381077754303E-002   5.2262657319072222E-003  -7.9491153458470798E-003   110.02161707043969     
      874000  -1.4202943176416884E-002   5.2269236645383806E-003  -8.9760195118785031E-003   110.03546765051286     
      876000  -1.3315953971359979E-002   5.2247801240829037E-003  -8.0911738472770750E-003   109.99034254603767     
      878000  -1.2704520705176893E-002   5.2250673162691722E-003  -7.4794533889077208E-003   109.99638842092503     
      880000  -1.3258768834981161E-002   5.2259476202781551E-003  -8.0328212147030061E-003   110.01492028967226     
      882000  -1.3121003928788235E-002   5.2244935607455197E-003  -7.8965103680427150E-003   109.98430990946895     
      884000  -1.2651624453429655E-002   5.2258589151704844E-003  -7.4257655382591707E-003   110.01305289909379     
      886000  -1.3366990868765138E-002   5.2260872999688006E-003  -8.1409035687963378E-003   110.01786078030651     
      888000  -1.2971180349065746E-002   5.2249950436656541E-003  -7.7461853054000916E-003   109.99486696198726     
      890000  -1.3528400987518155E-002   5.2255674403390573E-003  -8.3028335471790980E-003   110.00691686737747     
      892000  -1.3032996142538781E-002   5.2255166772190460E-003  -7.8074794653197350E-003   110.00584821897004     
      894000  -1.2787111047698663E-002   5.2259966676358157E-003  -7.5611143800628474E-003   110.01595281841834     
      896000  -1.3703284451239899E-002   5.2261908851339413E-003  -8.4770935661059588E-003   110.02004142093175     
      898000  -1.2989620220657113E-002   5.2247150516526930E-003  -7.7649051690044197E-003   109.98897266276617     
      900000  -1.2627246449654418E-002   5.2249141400308539E-003  -7.4023323096235639E-003   109.99316380543453     
      902000  -1.3174844298412529E-002   5.2252653616568353E-003  -7.9495789367556927E-003   110.00055760690250     
      904000  -1.2706525850598945E-002   5.2253256304987741E-003  -7.4812002201001711E-003   110.00182636662296     
      906000  -1.2757303671474441E-002   5.2258648420279051E-003  -7.5314388294465363E-003   110.01317766933531     
      908000  -1.2940524311737246E-002   5.2267454579144864E-003  -7.7137788538227592E-003   110.03171610362656     
      910000  -1.2560974657536663E-002   5.2253857931386311E-003  -7.3355888643980320E-003   110.00309289061234     
      912000  -1.3307108304442634E-002   5.2244699235696824E-003  -8.0826383808729509E-003   109.98381230746362     
      914000  -1.3811257035228395E-002   5.2249422531649020E-003  -8.5863147820634932E-003   109.99375563383124     
      916000  -1.2919555833742970E-002   5.2258670949176635E-003  -7.6936887388253062E-003   110.01322509642513     
      918000  -1.2657568281658444E-002   5.2255886975682252E-003  -7.4319795840902189E-003   110.00736436753293     
      920000  -1.2390867627712000E-002   5.2270656857467774E-003  -7.1638019419652229E-003   110.03845743400410     
      922000  -1.2344850723201697E-002   5.2252808588139493E-003  -7.1195698643877481E-003   110.00088384792681     
      924000  -1.1862088799338843E-002   5.2259326763650568E-003  -6.6361561229737864E-003   110.01460569535794     
      926000  -1.2758051849114684E-002   5.2250091033729153E-003  -7.5330427457417689E-003   109.99516294229285     
      928000  -1.3166555657090040E-002   5.2243137724928782E-003  -7.9422418845971621E-003   109.98052506665755     
      930000  -1.2369280866131290E-002   5.2243028680740563E-003  -7.1449779980572335E-003   109.98029551044026     
      932000  -1.1640155079257150E-002   5.2253637141692526E-003  -6.4147913650878978E-003   110.00262809145384     
      934000  -1.1941340681397782E-002   5.2246090907677222E-003  -6.7167315906300597E-003   109.98674200927309     
      936000  -1.2160737765294654E-002   5.2249911138490378E-003  -6.9357466514456158E-003   109.99478423278805     
      938000  -1.3056977770883736E-002   5.2259445201653359E-003  -7.8310332507184003E-003   110.01485502712288     
      940000  -1.3896221706331636E-002   5.2250933141570503E-003  -8.6711283921745846E-003   109.99693571985920     
      942000  -1.2532827848897001E-002   5.2264600005987117E-003  -7.3063678482982895E-003   110.02570675065884     
      944000  -1.1532129303830234E-002   5.2249601283045222E-003  -6.3071691755257116E-003   109.99413193535651     
      946000  -1.2031280523861021E-002   5.2262039266021453E-003  -6.8050765972588753E-003   110.02031596560559     
      948000  -1.2400761039792324E-002   5.2283633791665911E-003  -7.1723976606257326E-003   110.06577604653425     
      950000  -1.1726779550423706E-002   5.2247573820788321E-003  -6.5020221683448742E-003   109.98986378889217     
      952000  -1.1825404313939691E-002   5.2256291244450522E-003  -6.5997751894946392E-003   110.00821542076859     
      954000  -1.1883208960895029E-002   5.2255844428666307E-003  -6.6576245180283988E-003   110.00727479896263     
      956000  -1.1341132306099249E-002   5.2251482306288014E-003  -6.1159840754704473E-003   109.99809180325330     
      958000  -1.2334445366979981E-002   5.2263447903129539E-003  -7.1081005766670266E-003   110.02328138184056     
      960000  -1.3962308447774961E-002   5.2241395996499747E-003  -8.7381688481249862E-003   109.97685843759409     
      962000  -1.2659916729560556E-002   5.2245870159974717E-003  -7.4353297135630846E-003   109.98627729851324     
      964000  -1.2660774773654458E-002   5.2251803157772241E-003  -7.4355944578772338E-003   109.99876724918248     
      966000  -1.2469121675967256E-002   5.2248393297910350E-003  -7.2442823461762208E-003   109.99158892501694     
      968000  -1.2508579462948529E-002   5.2257807513932013E-003  -7.2827987115553277E-003   110.01140742111504     
      970000  -1.2858448007613540E-002   5.2255925393709327E-003  -7.6328554682426070E-003   110.00744524389246     
      972000  -1.2787940423896707E-002   5.2257914207343463E-003  -7.5621490031623608E-003   110.01163202855486     
      974000  -1.4153077015177030E-002   5.2258190586239846E-003  -8.9272579565530460E-003   110.01221385226349     
      976000  -1.2558659514457098E-002   5.2241958858139596E-003  -7.3344636286431387E-003   109.97804335529594     
      978000  -1.1589417388461667E-002   5.2254026600396701E-003  -6.3640147284219966E-003   110.00344796703257     
      980000  -1.2015303114592327E-002   5.2244379744542440E-003  -6.7908651401380827E-003   109.98313972525582     
      982000  -1.2720928444916790E-002   5.2251615662176360E-003  -7.4957668786991543E-003   109.99837253965735     
      984000  -1.2083299280812016E-002   5.2254933445914685E-003  -6.8578059362205479E-003   110.00535702821392     
      986000  -1.1539559336835363E-002   5.2252182799584273E-003  -6.3143410568769357E-003   109.99956645856467     
      988000  -1.1858433930827134E-002   5.2246539838551875E-003  -6.6337799469719464E-003   109.98768708369745     
      990000  -1.2045713074384802E-002   5.2250236567423797E-003  -6.8206894176424220E-003   109.99546931501182     
      992000  -1.2845477318164667E-002   5.2257543180906866E-003  -7.6197230000739809E-003   110.01085095597600     
      994000  -1.2695681661356798E-002   5.2244515385274776E-003  -7.4712301228293202E-003   109.98342527163784     
      996000  -1.2393009023507802E-002   5.2258298567938654E-003  -7.1671791667139361E-003   110.01244117176323     
      998000  -1.3251456813559784E-002   5.2267963629950226E-003  -8.0246604505647620E-003   110.03278774053999     
     1000000  -1.2386627795368898E-002   5.2238411559554516E-003  -7.1627866394134466E-003   109.97057569967752     
