 #step, Pot, Kin, Tot, temp
        2000  -1.7012858180105228E-002   6.1781537280677932E-003  -1.0834704452037436E-002   130.06044823207449     
        4000  -1.1421020509024323E-002   6.1916924959022433E-003  -5.2293280131220799E-003   130.34546189320415     
        6000  -1.8080545745621467E-002   6.1733893363867592E-003  -1.1907156409234707E-002   129.96014983471133     
        8000  -2.0547347288998187E-002   6.1777529934316372E-003  -1.4369594295566550E-002   130.05201209909777     
       10000  -2.1470193360217431E-002   6.1762730513641919E-003  -1.5293920308853239E-002   130.02085684833492     
       12000  -1.8145858284584877E-002   6.1722188071296679E-003  -1.1973639477455209E-002   129.93550824006235     
       14000  -1.5012163653670594E-002   6.1747844828797986E-003  -8.8373791707907941E-003   129.98951999709652     
       16000  -1.6586987670488423E-002   6.1755691391917888E-003  -1.0411418531296634E-002   130.00603832217186     
       18000  -1.8057929666923933E-002   6.1742878216277143E-003  -1.1883641845296219E-002   129.97906444873874     
       20000  -1.8776224477603722E-002   6.1756627380544519E-003  -1.2600561739549269E-002   130.00800873446133     
       22000  -1.8309784336214694E-002   6.1841746079813005E-003  -1.2125609728233393E-002   130.18719780399670     
       24000  -1.5845042434863822E-002   6.1754920042315052E-003  -9.6695504306323170E-003   130.00441450250818     
       26000  -1.4159163146751837E-002   6.1740563388312155E-003  -7.9851068079206215E-003   129.97419134949328     
       28000  -1.4590126300900149E-002   6.1689673384137337E-003  -8.4211589624864150E-003   129.86705939640768     
       30000  -1.7397326732181573E-002   6.1743813308405291E-003  -1.1222945401341045E-002   129.98103297374925     
       32000  -1.7110650783045522E-002   6.1760302129593089E-003  -1.0934620570086213E-002   130.01574469457876     
       34000  -1.7246654326091702E-002   6.1748068143448430E-003  -1.1071847511746859E-002   129.98999011171023     
       36000  -1.5129230186462367E-002   6.1757352194851591E-003  -8.9534949669772077E-003   130.00953458955996     
       38000  -1.2968566746574137E-002   6.1752221202694265E-003  -6.7933446263047101E-003   129.99873299462999     
       40000  -1.3077453772783777E-002   6.1761551765108155E-003  -6.9012985962729617E-003   130.01837538592071     
       42000  -1.1863533412463202E-002   6.1771329696965194E-003  -5.6864004427666821E-003   130.03895956456182     
       44000  -1.2445115647321569E-002   6.1746159552393569E-003  -6.2704996920822124E-003   129.98597220896755     
       46000  -1.2490167081219557E-002   6.1760137264019839E-003  -6.3141533548175732E-003   130.01539762502856     
       48000  -1.1241442377323989E-002   6.1732786867934458E-003  -5.0681636905305430E-003   129.95782047608145     
       50000  -1.0171820733265670E-002   6.1762596424113176E-003  -3.9955610908543526E-003   130.02057456749537     
       52000  -1.1159165464696008E-002   6.1779294986621996E-003  -4.9812359660338082E-003   130.05572782881455     
       54000  -1.4802977009702118E-002   6.1783259299143739E-003  -8.6246510797877429E-003   130.06407336837546     
       56000  -1.8364439058489734E-002   6.1798547173437532E-003  -1.2184584341145981E-002   130.09625689553721     
       58000  -1.9352706545815831E-002   6.1726633444415058E-003  -1.3180043201374326E-002   129.94486649247534     
       60000  -1.5336122006168837E-002   6.1712702112707782E-003  -9.1648517948980587E-003   129.91553871388533     
       62000  -1.6229420085827291E-002   6.1754243314788944E-003  -1.0053995754348396E-002   130.00298987810984     
       64000  -1.4540725929361462E-002   6.1721282485321209E-003  -8.3685976808293410E-003   129.93360183042824     
       66000  -1.0999110786822345E-002   6.1740773959196816E-003  -4.8250333909026629E-003   129.97463463635290     
       68000  -9.2752234714505513E-003   6.1737659901381706E-003  -3.1014574813123807E-003   129.96807902486958     
       70000  -9.7326456075927797E-003   6.1761317598923119E-003  -3.5565138477004678E-003   130.01788242701539     
       72000  -1.0686485508041198E-002   6.1749078434952939E-003  -4.5115776645459045E-003   129.99211694395990     
       74000  -9.3997466105933923E-003   6.1797301295505981E-003  -3.2200164810427942E-003   130.09363411453575     
       76000  -9.6384963054199010E-003   6.1748257868968091E-003  -3.4636705185230919E-003   129.99038951559714     
       78000  -8.5406471052046594E-003   6.1798647476525026E-003  -2.3607823575521568E-003   130.09646805027845     
       80000  -1.0183394754957300E-002   6.1741943292650267E-003  -4.0092004256922732E-003   129.97709627845154     
       82000  -7.9931474161257093E-003   6.1763508880134108E-003  -1.8167965281122985E-003   130.02249543972189     
       84000  -6.3173085998728786E-003   6.1749871308901102E-003  -1.4232146898276836E-004   129.99378607596321     
       86000  -5.3142999802810939E-003   6.1748335011624434E-003   8.6053352088134947E-004   129.99055191376499     
       88000  -4.5960238913713139E-003   6.1745798479349596E-003   1.5785559565636457E-003   129.98521208994154     
       90000  -4.7885705043558676E-003   6.1761952809044601E-003   1.3876247765485924E-003   130.01921965034711     
       92000  -5.6956729724766736E-003   6.1754372594637497E-003   4.7976428698707618E-004   130.00326203376977     
       94000  -5.1206888161599304E-003   6.1755646675434595E-003   1.0548758513835290E-003   130.00594418651067     
       96000  -4.3885344949667745E-003   6.1781616318295832E-003   1.7896271368628086E-003   130.06061461945271     
       98000  -4.3483103277416882E-003   6.1747885047241319E-003   1.8264781769824438E-003   129.98960466363280     
      100000  -3.7449083446808970E-003   6.1751556895658696E-003   2.4302473448849725E-003   129.99733451743742     
      102000  -3.6194772513087259E-003   6.1752004430874786E-003   2.5557231917787528E-003   129.99827665376756     
      104000  -3.5470108488255114E-003   6.1752336251016263E-003   2.6282227762761149E-003   129.99897519055108     
      106000  -3.5108619287002921E-003   6.1753400390914892E-003   2.6644781103911971E-003   130.00121538265844     
      108000  -3.5683909193390310E-003   6.1753249312110920E-003   2.6069340118720610E-003   130.00089733655878     
      110000  -3.6923922199554354E-003   6.1753572081601664E-003   2.4829649882047310E-003   130.00157682021182     
      112000  -4.2422365805414143E-003   6.1758015365216100E-003   1.9335649559801956E-003   130.01093067387026     
      114000  -3.7821463674057769E-003   6.1738426038103469E-003   2.3916962364045700E-003   129.96969187054850     
      116000  -4.3703133426787940E-003   6.1747497049659825E-003   1.8044363622871885E-003   129.98878786396119     
      118000  -3.8653866006369188E-003   6.1751557824851261E-003   2.3097691818482072E-003   129.99733647354284     
      120000  -3.7674174152244511E-003   6.1752574160938078E-003   2.4078400008693567E-003   129.99947603064720     
      122000  -3.8099925812647723E-003   6.1753941652091934E-003   2.3654015839444211E-003   130.00235482778066     
      124000  -4.1771191508129610E-003   6.1755861092106469E-003   1.9984669583976858E-003   130.00639556939430     
      126000  -5.5705021596144585E-003   6.1765048548680758E-003   6.0600269525361728E-004   130.02573669900613     
      128000  -7.2493279083040403E-003   6.1758736353481770E-003  -1.0734542729558634E-003   130.01244847451315     
      130000  -6.3159241648500534E-003   6.1724297534164908E-003  -1.4349441143356265E-004   129.93994901150066     
      132000  -5.1112323846555612E-003   6.1744743507626265E-003   1.0632419661070654E-003   129.98299119837347     
      134000  -4.3762043645351294E-003   6.1751839165039984E-003   1.7989795519688691E-003   129.99792874159999     
      136000  -4.6461541038661305E-003   6.1756583152552174E-003   1.5295042113890869E-003   130.00791562715511     
      138000  -4.3951590378575045E-003   6.1740744131713252E-003   1.7789153753138207E-003   129.97457184452134     
      140000  -5.1386758951382731E-003   6.1748781045038057E-003   1.0362022093655327E-003   129.99149088855026     
      142000  -5.4271560294086229E-003   6.1759294176819638E-003   7.4877338827334088E-004   130.01362278574834     
      144000  -5.9264208212438428E-003   6.1782385045293679E-003   2.5181768328552505E-004   130.06223291809513     
      146000  -5.8248513325100150E-003   6.1758506295936568E-003   3.5099929708364182E-004   130.01196416498047     
      148000  -5.5477271052441698E-003   6.1728079183043238E-003   6.2508081306015401E-004   129.94791001360292     
      150000  -5.7509867064795160E-003   6.1804007415969392E-003   4.2941403511742322E-004   130.10775161746236     
      152000  -5.7608525587208807E-003   6.1753098559541517E-003   4.1445729723327100E-004   130.00057997723735     
      154000  -4.0354153915656242E-003   6.1737735786985756E-003   2.1383581871329514E-003   129.96823877673253     
      156000  -3.6087463412019238E-003   6.1747721090282702E-003   2.5660257678263463E-003   129.98925950686805     
      158000  -3.3936566981914128E-003   6.1755544653726187E-003   2.7818977671812059E-003   130.00572941378553     
      160000  -3.5456230473778338E-003   6.1746767498642536E-003   2.6290537024864198E-003   129.98725203729688     
      162000  -4.3001076176488427E-003   6.1755198393850181E-003   1.8754122217361753E-003   130.00500047895062     
      164000  -7.1919867846490723E-003   6.1772853677905569E-003  -1.0147014168585154E-003   130.04216779881637     
      166000  -7.6652714682904051E-003   6.1729900183450231E-003  -1.4922814499453820E-003   129.95174352341164     
      168000  -4.6906316137116794E-003   6.1748987795060750E-003   1.4842671657943956E-003   129.99192613185770     
      170000  -3.2699141423599967E-003   6.1731026780288967E-003   2.9031885356689000E-003   129.95411519780293     
      172000  -3.3874793745363660E-003   6.1746331848787205E-003   2.7871538103423545E-003   129.98633492163501     
      174000  -3.0186588038202261E-003   6.1754745746316645E-003   3.1568157708114384E-003   130.00404758033895     
      176000  -4.4029556472913499E-003   6.1758831044927062E-003   1.7729274572013563E-003   130.01264781581088     
      178000  -4.4802671629309600E-003   6.1744111855359411E-003   1.6941440226049811E-003   129.98166146491960     
      180000  -3.6948700031357337E-003   6.1752884455185909E-003   2.4804184423828572E-003   130.00012925183159     
      182000  -3.4246300368783057E-003   6.1754137849217607E-003   2.7507837480434550E-003   130.00276785547840     
      184000  -3.1485370886376110E-003   6.1751814410583661E-003   3.0266443524207551E-003   129.99787662933753     
      186000  -3.3022682324409117E-003   6.1753530380917170E-003   2.8730848056508053E-003   130.00148903331049     
      188000  -3.2664959668725129E-003   6.1753511715664997E-003   2.9088552046939867E-003   130.00144973983916     
      190000  -3.1531893123558702E-003   6.1752478011974591E-003   3.0220584888415889E-003   129.99927362103037     
      192000  -3.2511124054483498E-003   6.1752908092072793E-003   2.9241784037589294E-003   130.00017901142385     
      194000  -3.2255562925846346E-003   6.1753784677393815E-003   2.9498221751547470E-003   130.00202436983972     
      196000  -3.1232972686901297E-003   6.1752300629008610E-003   3.0519327942107313E-003   129.99890020027914     
      198000  -3.2086264346620329E-003   6.1753985833739094E-003   2.9667721487118765E-003   130.00244783752251     
      200000  -3.1873825119842266E-003   6.1755767292954178E-003   2.9881942173111912E-003   130.00619810652225     
      202000  -2.8813138292550734E-003   6.1751783343420895E-003   3.2938645050870161E-003   129.99781122777435     
      204000  -3.0686851127638415E-003   6.1756041389032417E-003   3.1069190261394002E-003   130.00677512451765     
      206000  -3.0774648474850017E-003   6.1759654284574243E-003   3.0985005809724226E-003   130.01438087267911     
      208000  -2.7809212335906885E-003   6.1750941270927954E-003   3.3941728935021069E-003   129.99603852462229     
      210000  -2.8932018737460171E-003   6.1755393816689428E-003   3.2823375079229257E-003   130.00541187664621     
      212000  -3.0053666345706870E-003   6.1747969039052499E-003   3.1694302693345629E-003   129.98978148041482     
      214000  -3.1335152756147983E-003   6.1750267070858665E-003   3.0415114314710683E-003   129.99461922094244     
      216000  -3.0788542054830657E-003   6.1754914822837641E-003   3.0966372768006984E-003   130.00440351463700     
      218000  -3.4674655704691661E-003   6.1750032264588943E-003   2.7075376559897281E-003   129.99412491455200     
      220000  -3.9970625994606044E-003   6.1753645810808831E-003   2.1783019816202787E-003   130.00173203249940     
      222000  -3.4796556725215618E-003   6.1720768448954898E-003   2.6924211723739280E-003   129.93251969807685     
      224000  -3.2400754196716891E-003   6.1745745508387422E-003   2.9344991311670530E-003   129.98510057722453     
      226000  -2.6380397341416268E-003   6.1752570608329818E-003   3.5372173266913550E-003   129.99946855181383     
      228000  -3.1239383110046827E-003   6.1758893536360245E-003   3.0519510426313418E-003   130.01277937070847     
      230000  -3.3884855485491732E-003   6.1750937355412264E-003   2.7866081869920532E-003   129.99603028180820     
      232000  -4.0646891231014125E-003   6.1747464497727026E-003   2.1100573266712901E-003   129.98871933670924     
      234000  -3.5037690154769196E-003   6.1751517518206841E-003   2.6713827363437645E-003   129.99725162132859     
      236000  -3.3598817813337884E-003   6.1752270167925016E-003   2.8153452354587132E-003   129.99883607461376     
      238000  -3.2747128793906067E-003   6.1752457101435076E-003   2.9005328307529009E-003   129.99922960085442     
      240000  -3.2512682326909280E-003   6.1753078902239767E-003   2.9240396575330486E-003   130.00053859533608     
      242000  -3.2393527040516451E-003   6.1752899787250615E-003   2.9359372746734164E-003   130.00016152838697     
      244000  -3.1151506200394743E-003   6.1752885865524977E-003   3.0601379665130234E-003   130.00013222083075     
      246000  -3.2191574551710040E-003   6.1752066232702270E-003   2.9560491680992230E-003   129.99840675693005     
      248000  -3.1835663747329136E-003   6.1751476889588906E-003   2.9915813142259769E-003   129.99716609130630     
      250000  -3.0307479920322240E-003   6.1754099882799385E-003   3.1446619962477145E-003   130.00268792983090     
      252000  -3.1497846476972050E-003   6.1751726209507522E-003   3.0253879732535472E-003   129.99769095135019     
      254000  -3.1360292799250118E-003   6.1751156893053820E-003   3.0390864093803702E-003   129.99649244518778     
      256000  -3.1561296861926866E-003   6.1754701350908870E-003   3.0193404488982004E-003   130.00395412059532     
      258000  -3.3270619124726800E-003   6.1753599940893248E-003   2.8482980816166448E-003   130.00163546867074     
      260000  -3.5094119682664484E-003   6.1753040132345198E-003   2.6658920449680714E-003   130.00045697823674     
      262000  -4.3387155084375116E-003   6.1762294998913767E-003   1.8375139914538650E-003   130.01994001713828     
      264000  -4.4949062286251534E-003   6.1752189360912615E-003   1.6803127074661080E-003   129.99866596236475     
      266000  -2.8434291024881167E-003   6.1749382522242238E-003   3.3315091497361071E-003   129.99275709846054     
      268000  -2.6489117449985953E-003   6.1754070438466519E-003   3.5264952988480567E-003   130.00262594459551     
      270000  -3.6153270609182082E-003   6.1762432371265420E-003   2.5609161762083338E-003   130.02022920886799     
      272000  -4.2923428272530154E-003   6.1756498365932401E-003   1.8833070093402246E-003   130.00773713716836     
      274000  -3.5430060324442205E-003   6.1753689571152409E-003   2.6323629246710204E-003   130.00182415532689     
      276000  -3.1330056948028883E-003   6.1740803357617103E-003   3.0410746409588220E-003   129.97469652493464     
      278000  -3.0710986861944294E-003   6.1747916885389635E-003   3.1036930023445341E-003   129.98967168824925     
      280000  -2.7038307184621287E-003   6.1753377081013730E-003   3.4715069896392443E-003   130.00116631142572     
      282000  -3.3348756641043754E-003   6.1757141359238951E-003   2.8408384718195197E-003   130.00909074540377     
      284000  -3.3863335576912379E-003   6.1753524964461796E-003   2.7890189387549417E-003   130.00147763076785     
      286000  -2.6834705028794094E-003   6.1751242323219036E-003   3.4916537294424942E-003   129.99667228994511     
      288000  -2.7970381557656200E-003   6.1755773173394982E-003   3.3785391615738783E-003   130.00621048583167     
      290000  -2.8954557216881245E-003   6.1738074513654146E-003   3.2783517296772900E-003   129.96895185290802     
      292000  -3.0341075080447420E-003   6.1748179242775859E-003   3.1407104162328439E-003   129.99022399433861     
      294000  -2.6372078613232054E-003   6.1753249307465044E-003   3.5381170694232991E-003   130.00089732677844     
      296000  -3.2206362604586918E-003   6.1758094937606556E-003   2.9551732333019639E-003   130.01109818703398     
      298000  -3.3730926166600254E-003   6.1760043924869298E-003   2.8029117758269044E-003   130.01520113053698     
      300000  -2.8242288964052519E-003   6.1750928463389365E-003   3.3508639499336846E-003   129.99601156261579     
      302000  -2.9696828191752840E-003   6.1756510646140961E-003   3.2059682454388121E-003   130.00776298905711     
      304000  -3.6284495186983583E-003   6.1742908345262170E-003   2.5458413158278587E-003   129.97912787528119     
      306000  -4.4765081259627512E-003   6.1749691968020302E-003   1.6984610708392790E-003   129.99340853347448     
      308000  -3.6770422010004994E-003   6.1751657970137274E-003   2.4981235960132280E-003   129.99754729608566     
      310000  -3.0978354293507123E-003   6.1751789764041805E-003   3.0773435470534682E-003   129.99782474425305     
      312000  -3.3264167233365161E-003   6.1754521085872023E-003   2.8490353852506861E-003   130.00357463260383     
      314000  -3.2874083401964928E-003   6.1754211983452746E-003   2.8880128581487818E-003   130.00292392041749     
      316000  -2.8622978524580111E-003   6.1751912534028890E-003   3.3128934009448779E-003   129.99808319556800     
      318000  -3.1607033429084100E-003   6.1755635105539448E-003   3.0148601676455349E-003   130.00591982995022     
      320000  -3.1817886079472985E-003   6.1756549736166153E-003   2.9938663656693169E-003   130.00784528008487     
      322000  -2.8765248958209314E-003   6.1751840031952325E-003   3.2986591073743011E-003   129.99793056659516     
      324000  -3.1633910542565339E-003   6.1755122019935688E-003   3.0121211477370348E-003   130.00483969911267     
      326000  -3.1763688635388131E-003   6.1755144905937184E-003   2.9991456270549053E-003   130.00488787796584     
      328000  -3.0648697433630964E-003   6.1752240690528658E-003   3.1103543256897695E-003   129.99877401977420     
      330000  -3.2328288362272785E-003   6.1753262479232705E-003   2.9424974116959920E-003   130.00092505554792     
      332000  -3.2319810002160243E-003   6.1753390967476647E-003   2.9433580965316404E-003   130.00119554474804     
      334000  -3.1851011726548211E-003   6.1752597578064597E-003   2.9901585851516387E-003   129.99952532760719     
      336000  -3.2617167065539443E-003   6.1753005410959873E-003   2.9135838345420431E-003   130.00038388392511     
      338000  -3.2758176152057426E-003   6.1753404739033216E-003   2.8995228586975791E-003   130.00122453617328     
      340000  -3.2351187902983731E-003   6.1752848907870462E-003   2.9401661004886731E-003   130.00005441879921     
      342000  -3.3693765295523129E-003   6.1753106294847558E-003   2.8059340999324429E-003   130.00059626134771     
      344000  -3.5019876136973081E-003   6.1753440830561923E-003   2.6733564693588842E-003   130.00130051486542     
      346000  -3.7046063222127886E-003   6.1756118234959009E-003   2.4710055012831123E-003   130.00693689801986     
      348000  -4.7188532264947677E-003   6.1750677047094828E-003   1.4562144782147152E-003   129.99548228935069     
      350000  -3.8629151479840115E-003   6.1743039443601880E-003   2.3113887963761765E-003   129.97940385916854     
      352000  -2.9266413521754622E-003   6.1752235822465302E-003   3.2485822300710680E-003   129.99876377168829     
      354000  -3.5567339264617279E-003   6.1760374931981044E-003   2.6193035667363765E-003   130.01589795575720     
      356000  -4.1719316878597026E-003   6.1765584711642695E-003   2.0046267833045668E-003   130.02686541153457     
      358000  -4.0154089479512338E-003   6.1754671394108470E-003   2.1600581914596132E-003   130.00389105653025     
      360000  -3.6088345459307850E-003   6.1760115698051687E-003   2.5671770238743837E-003   130.01535222506590     
      362000  -3.0576268008367892E-003   6.1750702595093380E-003   3.1174434586725489E-003   129.99553607215196     
      364000  -3.3038592439081035E-003   6.1757141432274487E-003   2.8718548993193452E-003   130.00909089915575     
      366000  -3.2931684503752496E-003   6.1763805277217834E-003   2.8832120773465337E-003   130.02311940505621     
      368000  -3.0536466943625763E-003   6.1751046034199536E-003   3.1214579090573773E-003   129.99625906879552     
      370000  -3.3806567455566356E-003   6.1757983968929149E-003   2.7951416513362793E-003   130.01086457944572     
      372000  -3.7789125792667719E-003   6.1767580076093082E-003   2.3978454283425364E-003   130.03106598675862     
      374000  -4.2788853792154824E-003   6.1755006334604182E-003   1.8966152542449358E-003   130.00459616218026     
      376000  -3.8105288524681530E-003   6.1754680379566117E-003   2.3649391854884587E-003   130.00390997241840     
      378000  -2.9659279848278314E-003   6.1750964454908982E-003   3.2091684606630668E-003   129.99608733077210     
      380000  -3.2476581482315551E-003   6.1757630980095526E-003   2.9281049497779975E-003   130.01012147903185     
      382000  -3.2036666991051392E-003   6.1768220590347304E-003   2.9731553599295912E-003   130.03241437617510     
      384000  -3.1180517148234254E-003   6.1750583527689007E-003   3.0570066379454752E-003   129.99528541539163     
      386000  -3.4064244420452623E-003   6.1758820509716676E-003   2.7694576089264053E-003   130.01262563743452     
      388000  -4.0584171531580010E-003   6.1751334934218331E-003   2.1167163402638321E-003   129.99686725155678     
      390000  -3.8039300500470920E-003   6.1744796971298877E-003   2.3705496470827958E-003   129.98310374832820     
      392000  -3.2047885835563539E-003   6.1754118004940673E-003   2.9706232169377134E-003   130.00272607996317     
      394000  -3.2756232730264583E-003   6.1743055879190439E-003   2.8986823148925856E-003   129.97943845882583     
      396000  -3.2254596816411749E-003   6.1748680940591034E-003   2.9494084124179285E-003   129.99128015198036     
      398000  -2.9506962390598046E-003   6.1754328127159950E-003   3.2247365736561904E-003   130.00316842230725     
      400000  -3.2377279303265230E-003   6.1744565352676098E-003   2.9367286049410868E-003   129.98261615246668     
      402000  -3.2024669299357891E-003   6.1748701264627047E-003   2.9724031965269156E-003   129.99132293746857     
      404000  -2.8304105388061410E-003   6.1753733172684308E-003   3.3449627784622898E-003   130.00191594382929     
      406000  -3.3884434453739735E-003   6.1751451953930385E-003   2.7867017500190650E-003   129.99711359758300     
      408000  -3.3572009995801828E-003   6.1749470561663329E-003   2.8177460565861501E-003   129.99294243613704     
      410000  -2.8892478296941885E-003   6.1753233301849496E-003   3.2860755004907611E-003   130.00086363228615     
      412000  -3.5010602137239590E-003   6.1756053127247695E-003   2.6745450990008105E-003   130.00679983542008     
      414000  -3.7366818064151746E-003   6.1752706828028543E-003   2.4385888763876797E-003   129.99975531701674     
      416000  -3.4981672788772979E-003   6.1755658927157477E-003   2.6773986138384498E-003   130.00596997843235     
      418000  -4.0202269744387285E-003   6.1714425168432350E-003   2.1512155424045065E-003   129.91916603378914     
      420000  -3.8162426372502552E-003   6.1744759137872815E-003   2.3582332765370263E-003   129.98302410265140     
      422000  -3.4260080423236319E-003   6.1755929724839559E-003   2.7495849301603240E-003   130.00654005275328     
      424000  -3.0374445731569623E-003   6.1761287223293937E-003   3.1386841491724314E-003   130.01781848124580     
      426000  -3.0054285675512795E-003   6.1749279662430909E-003   3.1694993986918114E-003   129.99254056138886     
      428000  -2.9013386534789045E-003   6.1755192409167483E-003   3.2741805874378438E-003   130.00498788019462     
      430000  -3.2402415964760006E-003   6.1740255092190017E-003   2.9337839127430011E-003   129.97354233469699     
      432000  -3.2285224241311327E-003   6.1747829325340849E-003   2.9462605084029521E-003   129.98948735973150     
      434000  -2.8308335965033246E-003   6.1753651047284034E-003   3.3445315082250788E-003   130.00174305615377     
      436000  -3.6180640252417911E-003   6.1757673975850495E-003   2.5577033723432584E-003   130.01021199227270     
      438000  -4.0501707189918718E-003   6.1752848362395408E-003   2.1251141172476690E-003   130.00005327048316     
      440000  -4.1436019716056842E-003   6.1757946371015391E-003   2.0321926654958550E-003   130.01078542956159     
      442000  -3.9338093041589670E-003   6.1754021979045660E-003   2.2415928937455989E-003   130.00252392942602     
      444000  -2.8786179020386929E-003   6.1750548230035795E-003   3.2964369209648866E-003   129.99521110793992     
      446000  -3.0129892403615135E-003   6.1756797264979060E-003   3.1626904861363925E-003   130.00836636955225     
      448000  -4.0195513507919620E-003   6.1738135180418232E-003   2.1542621672498612E-003   129.96907956657262     
      450000  -4.3263349756043458E-003   6.1746133758367339E-003   1.8482784002323881E-003   129.98591790823693     
      452000  -3.5720044869268627E-003   6.1751154979039977E-003   2.6031110109771350E-003   129.99648841586915     
      454000  -3.4027921166741660E-003   6.1752247354687042E-003   2.7724326187945382E-003   129.99878804893996     
      456000  -3.3124849969327279E-003   6.1752485773634638E-003   2.8627635804307360E-003   129.99928996062030     
      458000  -3.2629138855567192E-003   6.1752688870348174E-003   2.9123550014780982E-003   129.99971751310215     
      460000  -3.2490314414992693E-003   6.1752834692369273E-003   2.9262520277376579E-003   130.00002449279643     
      462000  -3.2410166291994636E-003   6.1752861502020889E-003   2.9342695210026254E-003   130.00008093158800     
      464000  -3.1883354328810301E-003   6.1752484225960089E-003   2.9869129897149788E-003   129.99928670250705     
      466000  -3.2234767705209282E-003   6.1753412740389218E-003   2.9518645035179936E-003   130.00124138036321     
      468000  -3.2241857324754328E-003   6.1753583892227813E-003   2.9511726567473485E-003   130.00160168355123     
      470000  -3.0376972402334878E-003   6.1752673908233935E-003   3.1375701505899057E-003   129.99968601535429     
      472000  -3.2507350426365387E-003   6.1752828437598049E-003   2.9245478011232662E-003   130.00001132545898     
      474000  -3.2568020214818146E-003   6.1752108315878233E-003   2.9184088101060087E-003   129.99849534903976     
      476000  -3.0013825756365631E-003   6.1753363697225738E-003   3.1739537940860107E-003   130.00113813631805     
      478000  -3.3357368099342323E-003   6.1752293694874814E-003   2.8394925595532491E-003   129.99888560277009     
      480000  -3.4498321996369258E-003   6.1752191670486692E-003   2.7253869674117434E-003   129.99867082440369     
      482000  -3.4755288411714995E-003   6.1755913448149251E-003   2.7000625036434256E-003   130.00650578760334     
      484000  -4.7279602359927954E-003   6.1752190995466999E-003   1.4472588635539045E-003   129.99866940337458     
      486000  -3.9251069643511383E-003   6.1740225305546119E-003   2.2489155662034736E-003   129.97347962883973     
      488000  -2.6509147580232907E-003   6.1750803767303287E-003   3.5241656187070380E-003   129.99574905654097     
      490000  -2.6448367270467286E-003   6.1754709796503510E-003   3.5306342526036224E-003   130.00397189998174     
      492000  -3.8749326982972032E-003   6.1765562464799932E-003   2.3016235481827900E-003   130.02681857821725     
      494000  -4.6221337681458139E-003   6.1761093185106327E-003   1.5539755503648188E-003   130.01740999847303     
      496000  -3.2914946911680983E-003   6.1748649273873218E-003   2.8833702362192236E-003   129.99121348825372     
      498000  -3.2335434768433549E-003   6.1755696423756151E-003   2.9420261655322601E-003   130.00604891503127     
      500000  -3.0338393650455845E-003   6.1756977325891369E-003   3.1418583675435524E-003   130.00874542782751     
      502000  -2.9571879200381759E-003   6.1750011626785584E-003   3.2178132426403825E-003   129.99408146853119     
      504000  -2.9212707278413940E-003   6.1754938272543100E-003   3.2542230994129159E-003   130.00445288018111     
      506000  -3.0585307757067504E-003   6.1745828941310709E-003   3.1160521184243205E-003   129.98527621745424     
      508000  -3.1250811056717717E-003   6.1749721067636222E-003   3.0498910010918505E-003   129.99346979302314     
      510000  -2.9011546851350671E-003   6.1753961601887005E-003   3.2742414750536334E-003   130.00239682542920     
      512000  -3.2140588147147693E-003   6.1749894239932811E-003   2.9609306092785118E-003   129.99383434961248     
      514000  -3.1903240130239500E-003   6.1749905984431327E-003   2.9846665854191827E-003   129.99385907374219     
      516000  -2.6821631838439080E-003   6.1752460360945385E-003   3.4930828522506305E-003   129.99923646266768     
      518000  -3.0285831843179113E-003   6.1756735374403540E-003   3.1470903531224427E-003   130.00823607956033     
      520000  -3.0429400788110159E-003   6.1761654858592746E-003   3.1332254070482587E-003   130.01859241491360     
      522000  -2.6902603856890687E-003   6.1750693077168460E-003   3.4848089220277773E-003   129.99551603533132     
      524000  -2.7234425259630725E-003   6.1754748898133370E-003   3.4520323638502644E-003   130.00405421543923     
      526000  -3.1545627426931497E-003   6.1746917979133859E-003   3.0201290552202362E-003   129.98756882384856     
      528000  -3.1647699748612568E-003   6.1749894769345531E-003   3.0102195020732963E-003   129.99383546411462     
      530000  -2.8581998021609146E-003   6.1753209993276898E-003   3.3171211971667752E-003   130.00081456385027     
      532000  -3.2554945108111636E-003   6.1753956322200074E-003   2.9199011214088438E-003   130.00238571080695     
      534000  -3.2799570171234984E-003   6.1753066914911475E-003   2.8953496743676491E-003   130.00051336000917     
      536000  -2.8074584524848132E-003   6.1752043765651334E-003   3.3677459240803202E-003   129.99835946003776     
      538000  -3.0955489261734054E-003   6.1756786804702561E-003   3.0801297542968507E-003   130.00834434892425     
      540000  -3.1321386319105885E-003   6.1761809033137396E-003   3.0440422714031511E-003   130.01891697806411     
      542000  -3.0214712644951605E-003   6.1750893827363243E-003   3.1536181182411638E-003   129.99593864799954     
      544000  -3.2485411670137940E-003   6.1757537242228180E-003   2.9272125572090239E-003   130.00992414517484     
      546000  -4.2869969253463234E-003   6.1753073535926496E-003   1.8883104282463262E-003   130.00052729835093     
      548000  -4.0458175261049939E-003   6.1744254240678441E-003   2.1286078979628502E-003   129.98196120978238     
      550000  -2.9055480353217516E-003   6.1751116102474772E-003   3.2695635749257256E-003   129.99640657421031     
      552000  -3.1291830423587257E-003   6.1756630881505932E-003   3.0464800457918675E-003   130.00801610456946     
      554000  -2.9321976585281930E-003   6.1761351875177306E-003   3.2439375289895376E-003   130.01795458425167     
      556000  -2.8477419700928676E-003   6.1749690161467322E-003   3.3272270460538646E-003   129.99340473037890     
      558000  -2.6864642186950017E-003   6.1754064756773018E-003   3.4889422569823001E-003   130.00261398368232     
      560000  -3.2795582799647937E-003   6.1752841193512958E-003   2.8957258393865022E-003   130.00003817878903     
      562000  -3.2306786941804161E-003   6.1750010692293812E-003   2.9443223750489651E-003   129.99407950127002     
      564000  -2.6313236126394111E-003   6.1751925950736392E-003   3.5438689824342281E-003   129.99811143997673     
      566000  -2.8449150152479040E-003   6.1756154892546235E-003   3.3307004740067195E-003   130.00701406835967     
      568000  -2.6824575948630027E-003   6.1749955408313658E-003   3.4925379459683631E-003   129.99396311926409     
      570000  -2.8802661810818459E-003   6.1749195898790467E-003   3.2946534087972008E-003   129.99236422494434     
      572000  -2.6112204875981355E-003   6.1753567840044108E-003   3.5641362964062753E-003   130.00156789102519     
      574000  -3.1674873062460186E-003   6.1756374311389261E-003   3.0081501248929074E-003   130.00747598164850     
      576000  -3.2195177385321589E-003   6.1755042302616171E-003   2.9559864917294582E-003   130.00467188084909     
      578000  -2.6611804297322680E-003   6.1751190032409030E-003   3.5139385735086350E-003   129.99656220906195     
      580000  -2.7432844126145115E-003   6.1755373387119067E-003   3.4322529260973952E-003   130.00536886899062     
      582000  -2.9534485809709285E-003   6.1742322828519042E-003   3.2207837018809757E-003   129.97789526480548     
      584000  -3.0120999872969897E-003   6.1748609598228487E-003   3.1627609725258590E-003   129.99112996439911     
      586000  -2.6057695061129735E-003   6.1752855249565123E-003   3.5695160188435387E-003   130.00006776912500     
      588000  -3.0542712737836779E-003   6.1757133913515373E-003   3.1214421175678594E-003   130.00907507091284     
      590000  -3.0603458869205222E-003   6.1762587015798979E-003   3.1159128146593757E-003   130.02055476142360     
      592000  -2.7506758454287688E-003   6.1750519696831454E-003   3.4243761242543766E-003   129.99515104078219     
      594000  -2.7204956711917184E-003   6.1754722246100610E-003   3.4549765534183426E-003   130.00399810846164     
      596000  -3.2730339357626512E-003   6.1748199228298176E-003   2.9017859870671663E-003   129.99026606719897     
      598000  -3.2494879038781907E-003   6.1748774359123024E-003   2.9253895320341117E-003   129.99147681358315     
      600000  -2.7633307175173793E-003   6.1752853074141497E-003   3.4119545898967703E-003   130.00006318949517     
      602000  -3.2922494456552754E-003   6.1758673081445045E-003   2.8836178624892291E-003   130.01231527631478     
      604000  -3.9973894985129241E-003   6.1767684242364446E-003   2.1793789257235205E-003   130.03128527414674     
      606000  -4.1462074602651462E-003   6.1742000872416205E-003   2.0279926269764744E-003   129.97721749346974     
      608000  -3.4187106950962754E-003   6.1747473873106232E-003   2.7560366922143478E-003   129.98873907344736     
      610000  -2.8708581785385754E-003   6.1752932643484746E-003   3.3044350858098992E-003   130.00023069624399     
      612000  -3.3383515307435609E-003   6.1754529913259229E-003   2.8371014605823620E-003   130.00359321572734     
      614000  -3.3076929041285542E-003   6.1752062979711060E-003   2.8675133938425518E-003   129.99839990884058     
      616000  -2.8184773304596560E-003   6.1752168970376020E-003   3.3567395665779461E-003   129.99862303688175     
      618000  -3.1605569124559512E-003   6.1755938129193274E-003   3.0150369004633762E-003   130.00655774532066     
      620000  -3.1349658990839756E-003   6.1757381488645900E-003   3.0407722497806143E-003   130.00959625788656     
      622000  -2.9792075840554075E-003   6.1751329023601188E-003   3.1959253183047112E-003   129.99685480872114     
      624000  -3.1152136302943609E-003   6.1755379389946173E-003   3.0603243087002564E-003   130.00538150594363     
      626000  -2.9909449285890535E-003   6.1757357402901954E-003   3.1847908117011419E-003   130.00954555337529     
      628000  -2.9496817913601632E-003   6.1750429547019715E-003   3.2253611633418083E-003   129.99496126038113     
      630000  -2.8560742809896401E-003   6.1754935214221743E-003   3.3194192404325342E-003   130.00444644190418     
      632000  -2.8963494041220894E-003   6.1745827530655991E-003   3.2782333489435097E-003   129.98527324779059     
      634000  -2.9478137114189789E-003   6.1748967100518264E-003   3.2270829986328475E-003   129.99188256639152     
      636000  -2.5655271933279159E-003   6.1753156921034282E-003   3.6097884987755123E-003   130.00070283792101     
      638000  -3.0925472594890728E-003   6.1756905030584223E-003   3.0831432435693496E-003   130.00859323413880     
      640000  -3.1384214673447460E-003   6.1758910552449052E-003   3.0374695879001592E-003   130.01281519241567     
      642000  -2.8839829342409773E-003   6.1751197672888659E-003   3.2911368330478885E-003   129.99657829354686     
      644000  -3.0468084244181662E-003   6.1755938246281818E-003   3.1287854002100155E-003   130.00655799181158     
      646000  -2.9854088856530485E-003   6.1754517015088235E-003   3.1900428158557750E-003   130.00356606292451     
      648000  -3.0870498036372064E-003   6.1750145269659695E-003   3.0879647233287631E-003   129.99436280908816     
      650000  -3.0928503161563653E-003   6.1755736059405019E-003   3.0827232897841367E-003   130.00613235468794     
      652000  -3.6277450131374294E-003   6.1750341289828767E-003   2.5472891158454473E-003   129.99477546426274     
      654000  -4.5698094816306115E-003   6.1752875535201141E-003   1.6054780718895026E-003   130.00011047377478     
      656000  -3.8202300590079235E-003   6.1749475543950967E-003   2.3547174953871732E-003   129.99295292468412     
      658000  -2.8873202218325260E-003   6.1751179260092180E-003   3.2877977041766921E-003   129.99653953153691     
      660000  -3.1370055068842694E-003   6.1756914398055397E-003   3.0386859329212704E-003   130.00861295422919     
      662000  -2.9500218441789105E-003   6.1764022287647269E-003   3.2263803845858164E-003   130.02357624823244     
      664000  -2.8670646291404111E-003   6.1749881089521340E-003   3.3079234798117228E-003   129.99380666580134     
      666000  -2.7924595662711152E-003   6.1754809535882948E-003   3.3830213873171796E-003   130.00418186802344     
      668000  -3.1850900474610583E-003   6.1743379665817983E-003   2.9892479191207400E-003   129.98012008372160     
      670000  -3.1375199734899563E-003   6.1748291760236407E-003   3.0373092025336845E-003   129.99046086237391     
      672000  -2.6812761004690409E-003   6.1753038828150364E-003   3.4940277823459955E-003   130.00045423268892     
      674000  -3.1945635701218916E-003   6.1757148302548220E-003   2.9811512601329304E-003   130.00910536222872     
      676000  -3.2797512903269097E-003   6.1757880855174332E-003   2.8960367951905235E-003   130.01064750778062     
      678000  -2.7482746680318870E-003   6.1751144426834539E-003   3.4268397746515670E-003   129.99646620171538     
      680000  -2.8848765794371820E-003   6.1756124495056094E-003   3.2907358700684274E-003   130.00695007656913     
      682000  -2.7523773127752196E-003   6.1746209715519366E-003   3.4222436587767169E-003   129.98607781072033     
      684000  -2.9901397974901123E-003   6.1748954460519329E-003   3.1847556485618206E-003   129.99185595708397     
      686000  -2.7642838805024715E-003   6.1754106044372720E-003   3.4111267239348006E-003   130.00270090097121     
      688000  -3.4435464041768869E-003   6.1753249804225368E-003   2.7317785762456500E-003   130.00089837254185     
      690000  -3.4718758062196823E-003   6.1749489874473830E-003   2.7030731812277007E-003   129.99298309282673     
      692000  -2.9805953226966788E-003   6.1753243802343824E-003   3.1947290575377037E-003   130.00088573757938     
      694000  -3.8988273500936282E-003   6.1762585390324632E-003   2.2774311889388350E-003   130.02055133952879     
      696000  -4.0541344971275414E-003   6.1768443096262681E-003   2.1227098124987267E-003   130.03288278826651     
      698000  -3.1196573932057861E-003   6.1747161774604780E-003   3.0550587842546918E-003   129.98808205400795     
      700000  -2.6933485822892385E-003   6.1753364378708204E-003   3.4819878555815819E-003   130.00113957095240     
      702000  -3.3788050475616997E-003   6.1759056171258146E-003   2.7971005695641149E-003   130.01312174431476     
      704000  -3.5288218559939447E-003   6.1757377218336854E-003   2.6469158658397407E-003   130.00958726817325     
      706000  -2.6899289266349782E-003   6.1750478865598719E-003   3.4851189599248936E-003   129.99506508422192     
      708000  -2.6316436645122390E-003   6.1754566471059029E-003   3.5438129825936639E-003   130.00367017599794     
      710000  -3.5668408337711315E-003   6.1758391021241492E-003   2.6089982683530177E-003   130.01172149250627     
      712000  -3.8306074978271291E-003   6.1749567523142748E-003   2.3443492544871457E-003   129.99314655623553     
      714000  -3.2207750122228195E-003   6.1753934270366816E-003   2.9546184148138621E-003   130.00233928801717     
      716000  -4.1297777313453118E-003   6.1744777988618242E-003   2.0447000675165123E-003   129.98306378661698     
      718000  -3.5814621696834644E-003   6.1743777408063191E-003   2.5929155711228546E-003   129.98095739753686     
      720000  -2.7348446799011312E-003   6.1752163893995073E-003   3.4403717094983761E-003   129.99861235025253     
      722000  -3.1834822921639975E-003   6.1758954925918014E-003   2.9924132004278039E-003   130.01290860597442     
      724000  -2.7424565768643903E-003   6.1757115632804643E-003   3.4332549864160740E-003   130.00903658696544     
      726000  -3.8283592102808092E-003   6.1749495692235328E-003   2.3465903589427236E-003   129.99299534018576     
      728000  -3.5941728207294615E-003   6.1746490453017102E-003   2.5804762245722488E-003   129.98666881001233     
      730000  -3.3084161526590432E-003   6.1749175738955303E-003   2.8665014212364871E-003   129.99232178512634     
      732000  -2.9944937910826907E-003   6.1753751500878955E-003   3.1808813590052049E-003   130.00195452773826     
      734000  -3.2481705060775461E-003   6.1748794524422532E-003   2.9267089463647072E-003   129.99151926490450     
      736000  -3.1999140278308087E-003   6.1750072407436261E-003   2.9750932129128174E-003   129.99420942194607     
      738000  -2.8982211380948510E-003   6.1753492597196409E-003   3.2771281216247899E-003   130.00140949227165     
      740000  -3.2362520339060058E-003   6.1750830467718560E-003   2.9388310128658501E-003   129.99580526537181     
      742000  -3.2143008965812465E-003   6.1750812164770999E-003   2.9607803198958534E-003   129.99576673461218     
      744000  -2.8690384693194002E-003   6.1753145791570638E-003   3.3062761098376636E-003   130.00067940854237     
      746000  -3.2336323263966911E-003   6.1753006120373825E-003   2.9416682856406914E-003   130.00038537735989     
      748000  -3.2331955192075150E-003   6.1752103355518220E-003   2.9420148163443070E-003   129.99848490665397     
      750000  -2.8662225635579150E-003   6.1752643156441790E-003   3.3090417520862639E-003   129.99962127769888     
      752000  -3.2170017508137043E-003   6.1754566406077701E-003   2.9584548897940658E-003   130.00367003920141     
      754000  -3.2331962711780269E-003   6.1754188770952430E-003   2.9422226059172161E-003   130.00287505422980     
      756000  -2.8802821820197418E-003   6.1752199189623940E-003   3.2949377369426523E-003   129.99868665344266     
      758000  -3.1938405139924318E-003   6.1755363598070467E-003   2.9816958458146149E-003   130.00534826140938     
      760000  -3.2196256800818609E-003   6.1756392418952089E-003   2.9560135618133480E-003   130.00751410109066     
      762000  -2.9302880982141136E-003   6.1751878373163148E-003   3.2448997391022012E-003   129.99801128124366     
      764000  -3.2057252501820743E-003   6.1755935858755712E-003   2.9698683356934969E-003   130.00655296567061     
      766000  -3.2699732599127803E-003   6.1758022385732707E-003   2.9058289786604904E-003   130.01094545322954     
      768000  -3.1229985807476714E-003   6.1751937344832440E-003   3.0521951537355726E-003   129.99813542645077     
      770000  -3.5906299124416697E-003   6.1758493497600419E-003   2.5852194373183722E-003   130.01193722234663     
      772000  -4.6271987640794099E-003   6.1761128796256155E-003   1.5489141155462056E-003   130.01748496588746     
      774000  -3.9066243406379493E-003   6.1747372604544380E-003   2.2681129198164887E-003   129.98852588622145     
      776000  -2.9859369085803115E-003   6.1751525221520106E-003   3.1892156135716991E-003   129.99726783808879     
      778000  -3.2919003527512301E-003   6.1756370641541380E-003   2.8837367114029080E-003   130.00746825600615     
      780000  -3.2405708227115459E-003   6.1758892815950931E-003   2.9353184588835472E-003   130.01277785412663     
      782000  -2.8636225344009468E-003   6.1750891424556817E-003   3.3114666080547349E-003   129.99593358969094     
      784000  -2.9287199097406047E-003   6.1755625430237977E-003   3.2468426332831930E-003   130.00589946182566     
      786000  -2.7759698673324447E-003   6.1749982415043236E-003   3.3990283741718789E-003   129.99401997293768     
      788000  -2.8934785536960982E-003   6.1749119668218794E-003   3.2814334131257812E-003   129.99220374686695     
      790000  -2.5638568894674400E-003   6.1753339607971587E-003   3.6114770713297187E-003   130.00108742441722     
      792000  -3.1327469099091572E-003   6.1756782199772330E-003   3.0429313100680758E-003   130.00833465477749     
      794000  -3.1955616713543362E-003   6.1756745168864884E-003   2.9801128455321521E-003   130.00825669853631     
      796000  -2.8061187725561482E-003   6.1751509986814534E-003   3.3690322261253052E-003   129.99723576649066     
      798000  -3.0317954029428513E-003   6.1756001087745257E-003   3.1438047058316744E-003   130.00669028358129     
      800000  -2.8985408725870849E-003   6.1756096955185909E-003   3.2770688229315061E-003   130.00689210054557     
      802000  -2.9775091133869601E-003   6.1750197862061023E-003   3.1975106728191422E-003   129.99447352487141     
      804000  -2.8936041620319514E-003   6.1754888753582085E-003   3.2818847133262571E-003   130.00434863450272     
      806000  -2.9600083750474723E-003   6.1745404048077386E-003   3.2145320297602663E-003   129.98438174627711     
      808000  -3.0090435822210169E-003   6.1748805485314735E-003   3.1658369663104566E-003   129.99154233941212     
      810000  -2.5855996421312978E-003   6.1753008517313607E-003   3.5897012096000628E-003   130.00039042331821     
      812000  -3.0904758168115963E-003   6.1757012210447446E-003   3.0852254042331483E-003   130.00881886564079     
      814000  -3.1608907885422232E-003   6.1759497409344995E-003   3.0150589523922763E-003   130.01405062413676     
      816000  -2.7976834463062615E-003   6.1751180284201415E-003   3.3774345821138800E-003   129.99654168745778     
      818000  -2.9503548564243174E-003   6.1755863070256743E-003   3.2252314506013569E-003   130.00639973373080     
      820000  -2.9519717744671227E-003   6.1748948435043274E-003   3.2229230690372047E-003   129.99184327245112     
      822000  -3.1345226143922066E-003   6.1749695822832570E-003   3.0404469678910503E-003   129.99341664849771     
      824000  -3.0492707617888692E-003   6.1755359796243732E-003   3.1262652178355040E-003   130.00534025792950     
      826000  -3.8425991157567006E-003   6.1750912086129426E-003   2.3324920928562420E-003   129.99597708575001     
      828000  -4.5900844295011928E-003   6.1745735144020939E-003   1.5844890849009011E-003   129.98507875850311     
      830000  -3.6327444339766136E-003   6.1747521990500086E-003   2.5420077650733950E-003   129.98884036859295     
      832000  -3.0349731614869096E-003   6.1752915069882069E-003   3.1403183455012973E-003   130.00019370087708     
      834000  -3.3801000377437496E-003   6.1751812967996231E-003   2.7950812590558736E-003   129.99787359245019     
      836000  -3.2999771137803701E-003   6.1750681164652278E-003   2.8750910026848577E-003   129.99549095749640     
      838000  -2.8704117192566775E-003   6.1752742848596685E-003   3.3048625656029911E-003   129.99983114632505     
      840000  -3.2591200787523253E-003   6.1754389549587754E-003   2.9163188762064501E-003   130.00329772677009     
      842000  -3.2575911011759073E-003   6.1753447889006255E-003   2.9177536877247182E-003   130.00131537406889     
      844000  -2.8434907147815948E-003   6.1752211199178810E-003   3.3317304051362863E-003   129.99871193556024     
      846000  -3.1620780313598561E-003   6.1755643174770366E-003   3.0134862861171804E-003   130.00593681702816     
      848000  -3.1639752720553664E-003   6.1757238946211993E-003   3.0117486225658329E-003   130.00929618227073     
      850000  -2.8628276987076587E-003   6.1751551582456630E-003   3.3123274595380043E-003   129.99732333226021     
      852000  -3.0659990457786242E-003   6.1755890307279094E-003   3.1095899849492852E-003   130.00645707220912     
      854000  -2.9921261470682377E-003   6.1758616349783515E-003   3.1837354879101138E-003   130.01219584669792     
      856000  -2.9102545330018633E-003   6.1750820727100196E-003   3.2648275397081563E-003   129.99578475974431     
      858000  -2.9857277312178750E-003   6.1755459819775645E-003   3.1898182507596896E-003   130.00555082415960     
      860000  -2.9003682866201716E-003   6.1753161638433531E-003   3.2749478772231815E-003   130.00071276883384     
      862000  -2.9886032889006016E-003   6.1750267830800168E-003   3.1864234941794151E-003   129.99462082074615     
      864000  -2.9327028377548990E-003   6.1754892995555888E-003   3.2427864618006898E-003   130.00435756456562     
      866000  -3.0202522323432347E-003   6.1747453686907825E-003   3.1544931363475478E-003   129.98869657813034     
      868000  -3.1099211868268438E-003   6.1749864834904269E-003   3.0650652966635831E-003   129.99377244711928     
      870000  -2.9437906667852880E-003   6.1754498181012070E-003   3.2316591513159190E-003   130.00352641405047     
      872000  -3.2787238463817788E-003   6.1748100895420294E-003   2.8960862431602506E-003   129.99005906007781     
      874000  -3.3725384024907209E-003   6.1750087693303209E-003   2.8024703668396000E-003   129.99424160124741     
      876000  -3.2950680637601057E-003   6.1755861232799247E-003   2.8805180595198191E-003   130.00639586557608     
      878000  -4.5663137876373050E-003   6.1754382784666960E-003   1.6091244908293910E-003   130.00328348548265     
      880000  -4.1833395998087421E-003   6.1742652771670601E-003   1.9909256773583180E-003   129.97858985021193     
      882000  -2.8919376117879083E-003   6.1750905406494968E-003   3.2831529288615885E-003   129.99596302400454     
      884000  -3.1188591522078174E-003   6.1757404106496895E-003   3.0568812584418721E-003   130.00964387223817     
      886000  -2.7605987143588776E-003   6.1758695696338059E-003   3.4152708552749283E-003   130.01236288443934     
      888000  -3.1544488956447986E-003   6.1748840899939718E-003   3.0204351943491732E-003   129.99161689310893     
      890000  -3.0746570305708269E-003   6.1756127359012033E-003   3.1009557053303764E-003   130.00695610567442     
      892000  -4.7465119642972030E-003   6.1749947745858543E-003   1.4284828102886513E-003   129.99394698851708     
      894000  -4.1476878938366771E-003   6.1740467198659124E-003   2.0263588260292353E-003   129.97398885421816     
      896000  -3.0382099631697307E-003   6.1752393272500126E-003   3.1370293640802819E-003   129.99909523029234     
      898000  -3.6423395819471394E-003   6.1756784539302775E-003   2.5333388719831380E-003   130.00833957987956     
      900000  -3.5710536887953457E-003   6.1750141989749497E-003   2.6039605101796041E-003   129.99435590432975     
      902000  -2.7718081591239438E-003   6.1751505918734824E-003   3.4033424327495386E-003   129.99722720250386     
      904000  -3.0409053142316463E-003   6.1757243209269131E-003   3.1348190066952668E-003   130.00930515671757     
      906000  -2.8322854103440000E-003   6.1758266972021421E-003   3.3435412868581421E-003   130.01146034819237     
      908000  -3.1787466481242215E-003   6.1749469415638657E-003   2.9962002934396442E-003   129.99294002356382     
      910000  -3.2533741464360307E-003   6.1757400977558484E-003   2.9223659513198177E-003   130.00963728530056     
      912000  -4.3305842965478056E-003   6.1719610834323263E-003   1.8413767868845207E-003   129.93008272605417     
      914000  -3.7612922273706538E-003   6.1741690859492453E-003   2.4128768585785915E-003   129.97656486451950     
      916000  -2.8013531260595841E-003   6.1752193778498816E-003   3.3738662517902975E-003   129.99867526212108     
      918000  -3.3069583241334159E-003   6.1759402146548195E-003   2.8689818905214036E-003   130.01385008004871     
      920000  -3.3791906705805995E-003   6.1781508001490220E-003   2.7989601295684225E-003   130.06038659449720     
      922000  -3.3488728552018205E-003   6.1750802109498916E-003   2.8262073557480710E-003   129.99574556658607     
      924000  -4.0018114824426120E-003   6.1760095355136583E-003   2.1741980530710463E-003   130.01530939983408     
      926000  -3.9970224019102033E-003   6.1748066797595088E-003   2.1777842778493055E-003   129.98998727846430     
      928000  -2.9843809992071979E-003   6.1751679976772373E-003   3.1907869984700394E-003   129.99759362372578     
      930000  -3.5599713750953184E-003   6.1761186989245176E-003   2.6161473238291992E-003   130.01760747184261     
      932000  -3.8984579089016750E-003   6.1795585461246636E-003   2.2811006372229887E-003   130.09002199702161     
      934000  -3.7239772893962074E-003   6.1750011447925931E-003   2.4510238553963858E-003   129.99408109200175     
      936000  -3.5103137491193023E-003   6.1749011878900403E-003   2.6645874387707380E-003   129.99197683236011     
      938000  -3.3147507493705942E-003   6.1750190887955858E-003   2.8602683394249916E-003   129.99445884321597     
      940000  -3.0717022568397213E-003   6.1753738987805470E-003   3.1036716419408257E-003   130.00192818562996     
      942000  -3.2043070294787285E-003   6.1750009868419822E-003   2.9706939573632537E-003   129.99407776687775     
      944000  -3.1869305049240185E-003   6.1750734802701272E-003   2.9881429753461086E-003   129.99560387454250     
      946000  -3.0106581242284008E-003   6.1753853280657953E-003   3.1647272038373944E-003   130.00216879116161     
      948000  -3.1621977786057773E-003   6.1750059241886170E-003   3.0128081455828397E-003   129.99418170626558     
      950000  -3.1672337407781673E-003   6.1750858758288073E-003   3.0078521350506400E-003   129.99586482174277     
      952000  -3.0006516249696806E-003   6.1753947054190841E-003   3.1747430804494035E-003   130.00236620010054     
      954000  -3.1573740928952116E-003   6.1750098148609708E-003   3.0176357219657592E-003   129.99426361141275     
      956000  -3.1717806256316523E-003   6.1750823955560481E-003   3.0033017699243958E-003   129.99579155619207     
      958000  -3.0173842887994814E-003   6.1753995148674133E-003   3.1580152260679319E-003   130.00246744701556     
      960000  -3.1872405368275842E-003   6.1750270019782132E-003   2.9877864651506290E-003   129.99462542891854     
      962000  -3.2137177405872647E-003   6.1750901706076897E-003   2.9613724300204250E-003   129.99595523400686     
      964000  -3.0959780251754538E-003   6.1754262514494345E-003   3.0794482262739807E-003   130.00303029669442     
      966000  -3.3533323174561834E-003   6.1751028656673113E-003   2.8217705482111279E-003   129.99622248620182     
      968000  -3.5812594730451645E-003   6.1752188198274643E-003   2.5939593467822998E-003   129.99866351481776     
      970000  -4.2166336051043425E-003   6.1761816541495498E-003   1.9595480490452073E-003   130.01893278441116     
      972000  -4.4518312050139414E-003   6.1763552653476437E-003   1.7245240603337023E-003   130.02258758991391     
      974000  -3.1037230949394930E-003   6.1749639575671535E-003   3.0712408626276605E-003   129.99329823883525     
      976000  -3.2544616069166508E-003   6.1757811533993505E-003   2.9213195464826997E-003   130.01050157512424     
      978000  -2.8043453958535736E-003   6.1757155690535274E-003   3.3713701731999538E-003   130.00912091517463     
      980000  -3.5121014000660663E-003   6.1749351751174521E-003   2.6628337750513858E-003   129.99269232022687     
      982000  -3.9037687417620912E-003   6.1758923356272080E-003   2.2721235938651168E-003   130.01284214660029     
      984000  -3.8842046919057797E-003   6.1750880204644943E-003   2.2908833285587146E-003   129.99590996990369     
      986000  -2.8625027014509861E-003   6.1751098221595165E-003   3.3126071207085304E-003   129.99636893197416     
      988000  -3.0921988082049929E-003   6.1757618680064394E-003   3.0835630598014464E-003   130.01009558541327     
      990000  -4.3745238616089595E-003   6.1732198408532332E-003   1.7986959792442737E-003   129.95658167081737     
      992000  -3.9296056432953901E-003   6.1741549565880929E-003   2.2445493132927027E-003   129.97626741788324     
      994000  -2.8985878453612899E-003   6.1752068754108210E-003   3.2766190300495312E-003   129.99841206491041     
      996000  -3.4134546915140507E-003   6.1758985177691791E-003   2.7624438262551284E-003   130.01297229100769     
      998000  -3.5436186311842382E-003   6.1763840443197016E-003   2.6327654131354634E-003   130.02319343531212     
     1000000  -2.8950239420298101E-003   6.1750466061469087E-003   3.2800226641170986E-003   129.99503812939187     
