 #step, Pot, Kin, Tot, temp
        2000  -1.6733300809303311E-002   7.1289840183480137E-003  -9.6043167909552977E-003   150.07701291945966     
        4000  -1.5521686425031921E-002   7.1369418770225925E-003  -8.3847445480093284E-003   150.24453912740771     
        6000  -1.6742840975187783E-002   7.1225745826081245E-003  -9.6202663925796586E-003   149.94208359883473     
        8000  -1.9903642983824712E-002   7.1280857112267886E-003  -1.2775557272597923E-002   150.05810205514987     
       10000  -2.0756899045473551E-002   7.1201540008956126E-003  -1.3636745044577937E-002   149.89112631347592     
       12000  -1.7971971304850155E-002   7.1215781818205360E-003  -1.0850393123029619E-002   149.92110769911508     
       14000  -1.6687584744784521E-002   7.1254940649678328E-003  -9.5620906798166878E-003   150.00354357555628     
       16000  -1.6803650689398326E-002   7.1302249281563366E-003  -9.6734257612419890E-003   150.10313614218765     
       18000  -1.9293410434801272E-002   7.1269397183719727E-003  -1.2166470716429300E-002   150.03397699272369     
       20000  -2.0391627489643859E-002   7.1209168994165652E-003  -1.3270710590227294E-002   149.90718660073293     
       22000  -1.9114081756723394E-002   7.1236855279467153E-003  -1.1990396228776679E-002   149.96547085254485     
       24000  -1.5994778338175752E-002   7.1219177259734690E-003  -8.8728606122022834E-003   149.92825567028393     
       26000  -1.5866410407020509E-002   7.1258506901245621E-003  -8.7405597168959473E-003   150.01105113036581     
       28000  -1.5414520891974825E-002   7.1239504529469269E-003  -8.2905704390278979E-003   149.97104796599848     
       30000  -1.3065757979166441E-002   7.1245031850703426E-003  -5.9412547940960988E-003   149.98268389978838     
       32000  -9.3207321958379153E-003   7.1234787174102795E-003  -2.1972534784276358E-003   149.96111714555536     
       34000  -1.0627514237945312E-002   7.1253722616252064E-003  -3.5021419763201058E-003   150.00097941188614     
       36000  -9.6472639362719017E-003   7.1234144140015438E-003  -2.5238495222703579E-003   149.95976345146954     
       38000  -9.8770464927379498E-003   7.1216130542751952E-003  -2.7554334384627547E-003   149.92184182249295     
       40000  -8.9580180156354928E-003   7.1226830155338402E-003  -1.8353350001016526E-003   149.94436629291170     
       42000  -6.0570971838843322E-003   7.1240301817700287E-003   1.0669329978856964E-003   149.97272639080401     
       44000  -5.3953087149685511E-003   7.1259170439148889E-003   1.7306083289463378E-003   150.01244798840651     
       46000  -8.5939920899914136E-003   7.1222414802044783E-003  -1.4717506097869353E-003   149.93507123724058     
       48000  -9.7373782235930378E-003   7.1230988702068567E-003  -2.6142793533861812E-003   149.95312072790190     
       50000  -7.6918381705802117E-003   7.1218671088557721E-003  -5.6997106172443964E-004   149.92719009546894     
       52000  -5.9386865899109971E-003   7.1248498706212053E-003   1.1861632807102082E-003   149.98998220930372     
       54000  -5.5531766859523244E-003   7.1242973314543890E-003   1.5711206455020646E-003   149.97835033757232     
       56000  -4.9245361874564204E-003   7.1255824178817614E-003   2.2010462304253410E-003   150.00540355186862     
       58000  -4.6866899254523970E-003   7.1258254375414489E-003   2.4391355120890520E-003   150.01051952134097     
       60000  -4.7492657697307521E-003   7.1249939389745019E-003   2.3757281692437498E-003   149.99301508861211     
       62000  -4.1580949749988327E-003   7.1252453112625831E-003   2.9671503362637503E-003   149.99830689485390     
       64000  -4.8612319762340707E-003   7.1260536497285715E-003   2.2648216734945008E-003   150.01532376879993     
       66000  -5.3014475373191101E-003   7.1268396888763269E-003   1.8253921515572168E-003   150.03187120487627     
       68000  -4.8930540640158447E-003   7.1250274562125729E-003   2.2319733921967282E-003   149.99372068241874     
       70000  -5.0624406352801294E-003   7.1259430159854118E-003   2.0635023807052824E-003   150.01299474384226     
       72000  -8.2976595241668893E-003   7.1266576694618122E-003  -1.1710018547050772E-003   150.02803939238331     
       74000  -1.0674446145319533E-002   7.1232958892515630E-003  -3.5511502560679701E-003   149.95726830764704     
       76000  -7.4421695667106196E-003   7.1238259824641641E-003  -3.1834358424645548E-004   149.96842765457660     
       78000  -5.5298072805799268E-003   7.1273614007685759E-003   1.5975541201886491E-003   150.04285411102276     
       80000  -6.3701460892351741E-003   7.1256735662757588E-003   7.5552747704058475E-004   150.00732237770248     
       82000  -8.3303517851111893E-003   7.1268300898336533E-003  -1.2035216952775360E-003   150.03166912900576     
       84000  -7.9811535204858675E-003   7.1242532361738076E-003  -8.5690028431205986E-004   149.97742205831449     
       86000  -6.5458371702095631E-003   7.1252660959551144E-003   5.7942892574555128E-004   149.99874444732441     
       88000  -6.4570765177615307E-003   7.1244512826535338E-003   6.6737476489200313E-004   149.98159126728171     
       90000  -6.3519793902591243E-003   7.1246833597116256E-003   7.7270396945250137E-004   149.98647687672565     
       92000  -6.0625862140885672E-003   7.1258269632240665E-003   1.0632407491354993E-003   150.01055163950664     
       94000  -6.8447823770335890E-003   7.1255317257135865E-003   2.8074934867999748E-004   150.00433639711579     
       96000  -6.0191545324405913E-003   7.1248780558231025E-003   1.1057235233825112E-003   149.99057555484896     
       98000  -5.5372119687948987E-003   7.1255661913586510E-003   1.5883542225637523E-003   150.00506195647267     
      100000  -5.7793167324769086E-003   7.1257630919611100E-003   1.3464463594842014E-003   150.00920704281080     
      102000  -6.5875668994201213E-003   7.1256970097580592E-003   5.3813011033793795E-004   150.00781590213555     
      104000  -6.6088196817749422E-003   7.1260083548991444E-003   5.1718867312420223E-004   150.01437023703670     
      106000  -6.6674763578657304E-003   7.1255839674646288E-003   4.5810760959889840E-004   150.00543617317447     
      108000  -7.0803318911767874E-003   7.1259124925421285E-003   4.5580601365341131E-005   150.01235217441300     
      110000  -6.4077561402435795E-003   7.1242936445882581E-003   7.1653750434467860E-004   149.97827272288632     
      112000  -5.7390427301749793E-003   7.1255536085629298E-003   1.3865108783879506E-003   150.00479706762019     
      114000  -6.8469449783852719E-003   7.1248571410072311E-003   2.7791216262195925E-004   149.99013526306493     
      116000  -6.7013007632437446E-003   7.1249756767537645E-003   4.2367491351001998E-004   149.99263063838322     
      118000  -6.0019633436498247E-003   7.1235859564835000E-003   1.1216226128336754E-003   149.96337470704461     
      120000  -5.7380856437300246E-003   7.1242614700926929E-003   1.3861758263626683E-003   149.97759539605067     
      122000  -6.1156642878945379E-003   7.1258382785866284E-003   1.0101739906920905E-003   150.01078984677559     
      124000  -7.1080155429693792E-003   7.1273751767235377E-003   1.9359633754158570E-005   150.04314411786882     
      126000  -7.3056887811014546E-003   7.1253184351511333E-003  -1.8037034595032135E-004   149.99984627476252     
      128000  -6.4134546621973333E-003   7.1251283769285792E-003   7.1167371473124588E-004   149.99584523194235     
      130000  -7.2979413891736088E-003   7.1252730020574832E-003  -1.7266838711612557E-004   149.99888983230659     
      132000  -6.6689906362984996E-003   7.1246761901434495E-003   4.5568555384494988E-004   149.98632594534845     
      134000  -6.0771661477365974E-003   7.1257833069317301E-003   1.0486171591951327E-003   150.00963260168413     
      136000  -6.2703244612870726E-003   7.1272047010317932E-003   8.5688023974472057E-004   150.03955532000833     
      138000  -7.8965685159171680E-003   7.1253211529757948E-003  -7.7124736294137321E-004   149.99990348950809     
      140000  -7.5674955020136863E-003   7.1258993246958186E-003  -4.4159617731786768E-004   150.01207496926907     
      142000  -6.4898105922697735E-003   7.1249887697177753E-003   6.3517817744800174E-004   149.99290626712974     
      144000  -5.7676182860073033E-003   7.1261150836143356E-003   1.3584967976070323E-003   150.01661705463755     
      146000  -6.5466394698520990E-003   7.1292277141210688E-003   5.8258824426896984E-004   150.08214312224692     
      148000  -4.6124261200505392E-003   7.1246502095281159E-003   2.5122240894775768E-003   149.98577901003017     
      150000  -3.3244569105944713E-003   7.1250277885046296E-003   3.8005708779101583E-003   149.99372767772118     
      152000  -3.4311106079876379E-003   7.1255552152379130E-003   3.6944446072502751E-003   150.00483089081035     
      154000  -3.3138307519050879E-003   7.1258771542965175E-003   3.8120464023914296E-003   150.01160824535810     
      156000  -2.9326651231379830E-003   7.1251519188044376E-003   4.1924867956664551E-003   149.99634082772405     
      158000  -3.0379587577154766E-003   7.1255898272217320E-003   4.0876310695062553E-003   150.00555953084231     
      160000  -2.9048129312274390E-003   7.1255424566628259E-003   4.2207295254353874E-003   150.00456230150883     
      162000  -2.9631770372973666E-003   7.1250675616045273E-003   4.1618905243071607E-003   149.99456496786124     
      164000  -2.8807107618762629E-003   7.1255546697676355E-003   4.2448439078913731E-003   150.00481940775055     
      166000  -2.9987395328626050E-003   7.1246269279542787E-003   4.1258873950916737E-003   149.98528889404051     
      168000  -3.0691123828729258E-003   7.1249570621413167E-003   4.0558446792683910E-003   149.99223876972064     
      170000  -2.8060003539040969E-003   7.1254016389718745E-003   4.3194012850677772E-003   150.00159785406865     
      172000  -3.2260023474071373E-003   7.1252007656520122E-003   3.8991984182448749E-003   149.99736913539815     
      174000  -3.1971410978432063E-003   7.1251193586751912E-003   3.9279782608319849E-003   149.99565538265571     
      176000  -2.7701676799533957E-003   7.1252987538604215E-003   4.3551310739070263E-003   149.99943195074204     
      178000  -3.2029417916196478E-003   7.1255855268346309E-003   3.9226437352149826E-003   150.00546900051583     
      180000  -3.2429310779199163E-003   7.1256135498422388E-003   3.8826824719223225E-003   150.00605893160053     
      182000  -2.8175159105801898E-003   7.1252391024205644E-003   4.3077231918403746E-003   149.99817618836593     
      184000  -3.0834556577850839E-003   7.1256627289108202E-003   4.0422070711257363E-003   150.00709423308135     
      186000  -3.0712092406662474E-003   7.1260033443750403E-003   4.0547941037087929E-003   150.01426475714098     
      188000  -2.9987504592222502E-003   7.1251435950778841E-003   4.1263931358556339E-003   149.99616559938656     
      190000  -3.1591269512635245E-003   7.1257356892589817E-003   3.9666087379954572E-003   150.00863017019182     
      192000  -3.4593478937600978E-003   7.1256526588314084E-003   3.6663047650713106E-003   150.00688224110127     
      194000  -4.4331743157705692E-003   7.1254448981199880E-003   2.6922705823494188E-003   150.00250853134239     
      196000  -3.8253183640612467E-003   7.1251767064395843E-003   3.2998583423783376E-003   149.99686264881814     
      198000  -2.9310610807683104E-003   7.1251871094379048E-003   4.1941260286695939E-003   149.99708164929694     
      200000  -3.1817918931084737E-003   7.1257722017730009E-003   3.9439803086645277E-003   150.00939881955674     
      202000  -3.0716249733136469E-003   7.1265913460389473E-003   4.0549663727253004E-003   150.02664317362834     
      204000  -2.8432642457385791E-003   7.1250442631890067E-003   4.2817800174504272E-003   149.99407449732601     
      206000  -2.8373233476650787E-003   7.1255834219522383E-003   4.2882600742871601E-003   150.00542468922811     
      208000  -3.0707468534200860E-003   7.1240672139419071E-003   4.0533203605218216E-003   149.97350597983424     
      210000  -3.1403849981465545E-003   7.1248927494261521E-003   3.9845077512795975E-003   149.99088487971895     
      212000  -2.8812198993966222E-003   7.1254382240884496E-003   4.2442183246918274E-003   150.00236803183856     
      214000  -3.5365625820513551E-003   7.1251216679407061E-003   3.5885590858893510E-003   149.99570399654931     
      216000  -3.6191393226335834E-003   7.1249901222577875E-003   3.5058507996242041E-003   149.99293474035460     
      218000  -3.3600363295988016E-003   7.1256711482700899E-003   3.7656348186712882E-003   150.00727147464713     
      220000  -4.1461056687793476E-003   7.1215281078708731E-003   2.9754224390915254E-003   149.92005355889381     
      222000  -3.7566692770504288E-003   7.1244124002922656E-003   3.3677431232418367E-003   149.98077272867658     
      224000  -3.1758695278486871E-003   7.1255391710824652E-003   3.9496696432337781E-003   150.00449313455812     
      226000  -3.2831721569385169E-003   7.1236017295813981E-003   3.8404295726428813E-003   149.96370675708300     
      228000  -3.2092836472821847E-003   7.1247760082084393E-003   3.9154923609262546E-003   149.98842728222766     
      230000  -2.8512144932083695E-003   7.1254182215472082E-003   4.2742037283388387E-003   150.00194694495821     
      232000  -3.6289069112482638E-003   7.1255549706246415E-003   3.4966480593763777E-003   150.00482574129271     
      234000  -3.7283801639225256E-003   7.1250053097175244E-003   3.3966251457949988E-003   149.99325446173219     
      236000  -3.4197077688060233E-003   7.1255983403007454E-003   3.7058905714947221E-003   150.00573874536511     
      238000  -4.2592172542572134E-003   7.1223417254092057E-003   2.8631244711519923E-003   149.93718156612422     
      240000  -4.0006884316099297E-003   7.1245184340738470E-003   3.1238300024639173E-003   149.98300491676503     
      242000  -3.6131252017184978E-003   7.1255882973090753E-003   3.5124630955905775E-003   150.00552732362723     
      244000  -3.3482198192800235E-003   7.1259435836697766E-003   3.7777237643897531E-003   150.01300669454568     
      246000  -3.0260110619893758E-003   7.1250979843224703E-003   4.0990869223330945E-003   149.99520541685399     
      248000  -3.2688189296489591E-003   7.1256471180950395E-003   3.8568281884460804E-003   150.00676559935241     
      250000  -3.2584498049805970E-003   7.1259572256164123E-003   3.8675074206358153E-003   150.01329388029282     
      252000  -2.9284444079474376E-003   7.1252399945846119E-003   4.1967955866371743E-003   149.99819496990830     
      254000  -3.2979342698375522E-003   7.1255668663050041E-003   3.8276325964674519E-003   150.00507616522000     
      256000  -3.3675318389525801E-003   7.1255281241922857E-003   3.7579962852397055E-003   150.00426057908092     
      258000  -3.0962208386392529E-003   7.1253547485036544E-003   4.0291339098644015E-003   150.00061073144548     
      260000  -3.3959247128695900E-003   7.1251873142720414E-003   3.7292626014024514E-003   149.99708596139740     
      262000  -3.4713539804144249E-003   7.1251771673847145E-003   3.6538231869702896E-003   149.99687235248251     
      264000  -3.4238196006846581E-003   7.1255532674784679E-003   3.7017336667938099E-003   150.00478988722296     
      266000  -4.0005499326915515E-003   7.1256550372614750E-003   3.1251051045699235E-003   150.00693231102412     
      268000  -4.2684446556375093E-003   7.1244080817275644E-003   2.8559634260900552E-003   149.98068181568129     
      270000  -3.4479504485031907E-003   7.1249187122423901E-003   3.6769682637391994E-003   149.99143144033656     
      272000  -3.2826175803676427E-003   7.1254706893393574E-003   3.8428531089717147E-003   150.00305147955947     
      274000  -3.1377399454558834E-003   7.1254131738005570E-003   3.9876732283446736E-003   150.00184068146575     
      276000  -3.0989603457744126E-003   7.1251442970270392E-003   4.0261839512526262E-003   149.99618037658794     
      278000  -3.1658354626126527E-003   7.1255924991636679E-003   3.9597570365510152E-003   150.00561577967991     
      280000  -3.0727805730415732E-003   7.1257489822939002E-003   4.0529684092523270E-003   150.00891001076488     
      282000  -3.0195544719993760E-003   7.1251619934200976E-003   4.1056075214207215E-003   149.99655291519971     
      284000  -3.1943740788769829E-003   7.1255792076200279E-003   3.9312051287430450E-003   150.00533597050074     
      286000  -3.1331077115043021E-003   7.1257825888677486E-003   3.9926748773634465E-003   150.00961748523878     
      288000  -2.9514714499979081E-003   7.1252053702761282E-003   4.1737339202782206E-003   149.99746607042158     
      290000  -3.2036314955150458E-003   7.1254853253822853E-003   3.9218538298672395E-003   150.00335959269285     
      292000  -3.2117408215741293E-003   7.1256092670572979E-003   3.9138684454831686E-003   150.00596877182892     
      294000  -2.9411246170217053E-003   7.1253157405325026E-003   4.1841911235107974E-003   149.99978954854262     
      296000  -3.2055360707875461E-003   7.1254196958761762E-003   3.9198836250886300E-003   150.00197798204385     
      298000  -3.2287305273503335E-003   7.1253617802833399E-003   3.8966312529330064E-003   150.00075876214493     
      300000  -2.9424322501206039E-003   7.1253063372893602E-003   4.1828740871687562E-003   149.99959159457907     
      302000  -3.2225254603673141E-003   7.1252993726138173E-003   3.9027739122465032E-003   149.99944497653379     
      304000  -3.2105692900969637E-003   7.1252675786099571E-003   3.9146982885129933E-003   149.99877565968364     
      306000  -2.9231122947790157E-003   7.1253466700960623E-003   4.2022343753170465E-003   150.00044066748160     
      308000  -3.2057537181114249E-003   7.1250617230547595E-003   3.9193080049433346E-003   149.99444205664324     
      310000  -3.2068569480314287E-003   7.1251630317644603E-003   3.9183060837330317E-003   149.99657477408172     
      312000  -2.9359891709266803E-003   7.1254369938447649E-003   4.1894478229180850E-003   150.00234213315554     
      314000  -3.1175542851505401E-003   7.1248796451097735E-003   4.0073253599592334E-003   149.99060901198615     
      316000  -3.1545323998450449E-003   7.1250648005502445E-003   3.9705324007051996E-003   149.99450684305998     
      318000  -2.9810070619510154E-003   7.1254795538827527E-003   4.1444724919317373E-003   150.00323809299420     
      320000  -3.0443014013081453E-003   7.1249004342987133E-003   4.0805990329905676E-003   149.99104665911358     
      322000  -3.0934643756430789E-003   7.1250802831062292E-003   4.0316159074631503E-003   149.99483277670615     
      324000  -3.0046168482773515E-003   7.1254657784386530E-003   4.1208489301613020E-003   150.00294809690263     
      326000  -2.9838890946982505E-003   7.1250182488538693E-003   4.1411291541556192E-003   149.99352685214959     
      328000  -3.0696451174114028E-003   7.1251252114011131E-003   4.0554800939897103E-003   149.99577859230544     
      330000  -3.0337937620059127E-003   7.1255623647666017E-003   4.0917686027606894E-003   150.00498140032289     
      332000  -2.9451436929274237E-003   7.1253565644629801E-003   4.1802128715355564E-003   150.00064896042036     
      334000  -3.0552471656091536E-003   7.1251095455324145E-003   4.0698623799232609E-003   149.99544879962068     
      336000  -3.1163320100355742E-003   7.1255894283761027E-003   4.0092574183405285E-003   150.00555113447606     
      338000  -3.0129815697514857E-003   7.1257307571030264E-003   4.1127491873515411E-003   150.00852634007646     
      340000  -3.0241777723849089E-003   7.1251390364727432E-003   4.1009612640878343E-003   149.99606963313937     
      342000  -3.1917012124885800E-003   7.1255589608874882E-003   3.9338577483989078E-003   150.00490974298597     
      344000  -3.2052363624418081E-003   7.1258290853905551E-003   3.9205927229487465E-003   150.01059631465344     
      346000  -3.0882840365643142E-003   7.1252726434568410E-003   4.0369886068925267E-003   149.99888228316453     
      348000  -3.3716307516952972E-003   7.1255954254808426E-003   3.7539646737855454E-003   150.00567738354090     
      350000  -3.6536203340006750E-003   7.1256344965298151E-003   3.4720141625291401E-003   150.00649989433717     
      352000  -3.7570773435954699E-003   7.1256749617052860E-003   3.3685976181098160E-003   150.00735175382320     
      354000  -3.4879040582066040E-003   7.1209611834423762E-003   3.6330571252357721E-003   149.90811885339286     
      356000  -3.4484527511682074E-003   7.1245045711128387E-003   3.6760518199446313E-003   149.98271307829646     
      358000  -2.7840384270764358E-003   7.1253407768483530E-003   4.3413023497719172E-003   150.00031660478061     
      360000  -3.5438494790963814E-003   7.1259697521253483E-003   3.5821202730289669E-003   150.01355758421451     
      362000  -3.6320900082280777E-003   7.1253543786456430E-003   3.4932643704175654E-003   150.00060294531698     
      364000  -2.6107062957485671E-003   7.1251056726007135E-003   4.5143993768521464E-003   149.99536726794389     
      366000  -2.5291121547621805E-003   7.1254315654181322E-003   4.5963194106559517E-003   150.00222785571407     
      368000  -3.3348663349202449E-003   7.1260734134707153E-003   3.7912070785504704E-003   150.01573982856067     
      370000  -3.9016280616529066E-003   7.1261654340038904E-003   3.2245373723509838E-003   150.01767701437996     
      372000  -3.3823960007597987E-003   7.1253996145962438E-003   3.7430036138364452E-003   150.00155523758264     
      374000  -3.8301207375094001E-003   7.1236415395908815E-003   3.2935208020814814E-003   149.96454482423144     
      376000  -3.2853875211353179E-003   7.1244861109395806E-003   3.8390985898042627E-003   149.98232446083659     
      378000  -2.4821288069115889E-003   7.1251902890695417E-003   4.6430614821579529E-003   149.99714858585017     
      380000  -2.5065827381146521E-003   7.1255087890965303E-003   4.6189260509818782E-003   150.00385354304214     
      382000  -3.5090708282669294E-003   7.1263453890473205E-003   3.6172745607803911E-003   150.02146536841585     
      384000  -4.6509806013655640E-003   7.1263823183034345E-003   2.4754017169378705E-003   150.02224279089745     
      386000  -3.8672310280472933E-003   7.1249399035894050E-003   3.2577088755421117E-003   149.99187755356274     
      388000  -3.4266706516983434E-003   7.1252076275391913E-003   3.6985369758408479E-003   149.99751358957678     
      390000  -3.3137069049502029E-003   7.1253344078213536E-003   3.8116275028711507E-003   150.00018252613143     
      392000  -3.2741411522266579E-003   7.1253012791034605E-003   3.8511601268768026E-003   149.99948511132303     
      394000  -3.2078027719754576E-003   7.1252879108269834E-003   3.9174851388515258E-003   149.99920368678954     
      396000  -3.2452734502338423E-003   7.1253329546252754E-003   3.8800595043914331E-003   150.00015193392838     
      398000  -3.2336164507128558E-003   7.1253365970686969E-003   3.8917201463558411E-003   150.00022861344218     
      400000  -3.1778828386031140E-003   7.1253418434158965E-003   3.9474590048127825E-003   150.00033905780765     
      402000  -3.2273869220451916E-003   7.1252992164918885E-003   3.8979122944466970E-003   149.99944168990660     
      404000  -3.2317908711677911E-003   7.1252887537106473E-003   3.8934978825428562E-003   149.99922143089756     
      406000  -3.2184007385273562E-003   7.1253779798883853E-003   3.9069772413610291E-003   150.00109979087068     
      408000  -3.2677382744638796E-003   7.1253616414970336E-003   3.8576233670331540E-003   150.00075584046152     
      410000  -3.2792707873522432E-003   7.1253116761267402E-003   3.8460408887744969E-003   149.99970398601724     
      412000  -3.4030210598568469E-003   7.1254204195388242E-003   3.7223993596819773E-003   150.00199321635051     
      414000  -3.7241858250126507E-003   7.1255927333467887E-003   3.4014069083341380E-003   150.00562070962550     
      416000  -4.6373495710850436E-003   7.1259408801959767E-003   2.4885913091109331E-003   150.01294978190970     
      418000  -3.9959123624138037E-003   7.1243648679957926E-003   3.1284525055819889E-003   149.97977209449738     
      420000  -2.5690070037759820E-003   7.1250361911036576E-003   4.5560291873276756E-003   149.99390456645591     
      422000  -2.3970342825429701E-003   7.1253544843137041E-003   4.7283202017707341E-003   150.00060516980605     
      424000  -2.7960230013207767E-003   7.1258062126101848E-003   4.3297832112894081E-003   150.01011480444859     
      426000  -3.8193797980681805E-003   7.1229936726758224E-003   3.3036138746076419E-003   149.95090614428335     
      428000  -4.2258967369387772E-003   7.1246605319461778E-003   2.8987637950074006E-003   149.98599631416002     
      430000  -3.5366227093687752E-003   7.1251199116867227E-003   3.5884972023179475E-003   149.99566702447152     
      432000  -3.2860549214362295E-003   7.1252036679495126E-003   3.8391487465132832E-003   149.99743023360489     
      434000  -3.1660508681571227E-003   7.1253901380847907E-003   3.9593392699276680E-003   150.00135574119886     
      436000  -3.2298440607090228E-003   7.1253013650293059E-003   3.8954573043202831E-003   149.99948692020547     
      438000  -3.2006499586962828E-003   7.1252239207744089E-003   3.9245739620781261E-003   149.99785658937392     
      440000  -3.1211649079769237E-003   7.1253601978339721E-003   4.0041952898570484E-003   150.00072544894439     
      442000  -3.2294587081947920E-003   7.1253491668000109E-003   3.8958904586052188E-003   150.00049322726707     
      444000  -3.2210796260436032E-003   7.1252848121164314E-003   3.9042051860728282E-003   149.99913845376020     
      446000  -3.1409368980368016E-003   7.1253478680011438E-003   3.9844109699643422E-003   150.00046588538302     
      448000  -3.3509433443713182E-003   7.1253991974569875E-003   3.7744558530856693E-003   150.00154645610505     
      450000  -3.5666313626121523E-003   7.1254752906679854E-003   3.5588439280558330E-003   150.00314834520742     
      452000  -4.1778821219162557E-003   7.1260952372483831E-003   2.9482131153321274E-003   150.01619925550770     
      454000  -4.1305073498489582E-003   7.1265393027835225E-003   2.9960319529345643E-003   150.02554757623372     
      456000  -2.5107002263354350E-003   7.1248634663441841E-003   4.6141632400087491E-003   149.99026842196571     
      458000  -2.0634186853417391E-003   7.1252259165784692E-003   5.0618072312367300E-003   149.99789860438071     
      460000  -1.9231767273742294E-003   7.1253197535630156E-003   5.2021430261887866E-003   149.99987402953326     
      462000  -1.8664835526104610E-003   7.1253227863823472E-003   5.2588392337718859E-003   149.99993787544241     
      464000  -1.9020371728086757E-003   7.1253186132915853E-003   5.2232814404829095E-003   149.99985002491638     
      466000  -2.0009685429374733E-003   7.1253875475020597E-003   5.1244190045645864E-003   150.00130120510829     
      468000  -2.2852235541507403E-003   7.1256115844501111E-003   4.8403880302993708E-003   150.00601755681572     
      470000  -3.6542449791320767E-003   7.1267489643233725E-003   3.4725039851912958E-003   150.02996130160383     
      472000  -4.7546560699205662E-003   7.1254076074929234E-003   2.3707515375723572E-003   150.00172350139908     
      474000  -3.3887900580167342E-003   7.1249572745117826E-003   3.7361672164950483E-003   149.99224324047344     
      476000  -3.2407730408845945E-003   7.1254396494582423E-003   3.8846666085736478E-003   150.00239803825184     
      478000  -3.2398178486958929E-003   7.1253581755317159E-003   3.8855403268358230E-003   150.00068287610637     
      480000  -2.9951515136531761E-003   7.1251817287728428E-003   4.1300302151196667E-003   149.99696837731625     
      482000  -3.1364610040300021E-003   7.1254048758797751E-003   3.9889438718497729E-003   150.00166599638285     
      484000  -3.2348482458715083E-003   7.1253343169654145E-003   3.8904860710939062E-003   150.00018061346225     
      486000  -3.2129682521626554E-003   7.1253557680728561E-003   3.9123875159102007E-003   150.00063219507896     
      488000  -3.2012616293055360E-003   7.1252803473041285E-003   3.9240187179985925E-003   149.99904446200878     
      490000  -3.0808161585795771E-003   7.1253844880180654E-003   4.0445683294384888E-003   150.00123679786347     
      492000  -3.3646586826092404E-003   7.1253642104112582E-003   3.7607055278020178E-003   150.00080992039386     
      494000  -3.5932394981560102E-003   7.1254622052434151E-003   3.5322227070874049E-003   150.00287287517870     
      496000  -4.5406461153992333E-003   7.1261733372761172E-003   2.5855272218768838E-003   150.01784339145206     
      498000  -3.8523140974325849E-003   7.1241541151385529E-003   3.2718400177059680E-003   149.97533539507467     
      500000  -2.3714746743935776E-003   7.1249779591402752E-003   4.7535032847466976E-003   149.99267868642892     
      502000  -2.0311582855263577E-003   7.1252367499890458E-003   5.0940784644626881E-003   149.99812666575590     
      504000  -1.9092817278932972E-003   7.1253306595458251E-003   5.2160489316525277E-003   150.00010361867510     
      506000  -1.8907848779935324E-003   7.1253357090639447E-003   5.2345508310704123E-003   150.00020991945993     
      508000  -1.9456119619755533E-003   7.1253457216833536E-003   5.1797337597078007E-003   150.00042070181104     
      510000  -2.1535329605811733E-003   7.1254849202411338E-003   4.9719519596599605E-003   150.00335106379538     
      512000  -2.8742295557968828E-003   7.1260951105995085E-003   4.2518655548026262E-003   150.01619658933751     
      514000  -3.2343162953390467E-003   7.1183451449611289E-003   3.8840288496220822E-003   149.85304687680582     
      516000  -3.3031240744527870E-003   7.1240733900509515E-003   3.8209493155981645E-003   149.97363599723849     
      518000  -2.1619251137528408E-003   7.1250754574246813E-003   4.9631503436718405E-003   149.99473118805477     
      520000  -1.8929673227513961E-003   7.1252714916728950E-003   5.2323041689214984E-003   149.99885803618997     
      522000  -1.7796910740512629E-003   7.1253194842583458E-003   5.3456284102070834E-003   149.99986836022046     
      524000  -1.7207366206913083E-003   7.1252974626773149E-003   5.4045608419860062E-003   149.99940476918246     
      526000  -1.7110819671502743E-003   7.1252893081001694E-003   5.4142073409498949E-003   149.99923310172235     
      528000  -1.6991787856388322E-003   7.1253173243789178E-003   5.4261385387400860E-003   149.99982289115334     
      530000  -1.6739505222785542E-003   7.1253468512620134E-003   5.4513963289834592E-003   150.00044448132726     
      532000  -1.6606353100135330E-003   7.1253256521840516E-003   5.4646903421705188E-003   149.99999820535174     
      534000  -1.6661807058893706E-003   7.1253016540992666E-003   5.4591209482098956E-003   149.99949300561065     
      536000  -1.6840088033855088E-003   7.1253269582612641E-003   5.4413181548757551E-003   150.00002570045712     
      538000  -1.6850896697243700E-003   7.1253533214395140E-003   5.4402636517151444E-003   150.00058068936332     
      540000  -1.6768658684054960E-003   7.1253439724861924E-003   5.4484781040806968E-003   150.00038387829110     
      542000  -1.6987373810246798E-003   7.1253092237335393E-003   5.4265718427088591E-003   149.99965235904693     
      544000  -1.7397167255167470E-003   7.1253215571590268E-003   5.3856048316422798E-003   149.99991199823978     
      546000  -1.7955260617696605E-003   7.1253837970642582E-003   5.3298577352945981E-003   150.00122225213255     
      548000  -1.8993184303273212E-003   7.1254424046574092E-003   5.2261239743300880E-003   150.00245603979315     
      550000  -2.2113692338564632E-003   7.1256037916532866E-003   4.9142345577968235E-003   150.00585350543523     
      552000  -3.5344227397396772E-003   7.1260997952868506E-003   3.5916770555471733E-003   150.01629520982550     
      554000  -3.5132845338963926E-003   7.1243823721049739E-003   3.6110978382085813E-003   149.98014058521261     
      556000  -2.3294379274394726E-003   7.1251056973654072E-003   4.7956677699259346E-003   149.99536778928203     
      558000  -2.0759695025511569E-003   7.1252663586126056E-003   5.0492968560614492E-003   149.99874997670304     
      560000  -2.0333340429022251E-003   7.1253160152818552E-003   5.0919819723796306E-003   149.99979533247509     
      562000  -2.1541561048054013E-003   7.1254293306547718E-003   4.9712732258493705E-003   150.00218081021518     
      564000  -2.6108422968010555E-003   7.1257897716372146E-003   4.5149474748361592E-003   150.00976869452512     
      566000  -2.4048415492406395E-003   7.1226487695057071E-003   4.7178072202650675E-003   149.94364535685779     
      568000  -2.7043247006030640E-003   7.1246953085317899E-003   4.4203706079287263E-003   149.98672841933444     
      570000  -2.0706373382515723E-003   7.1251578330879554E-003   5.0545204948363835E-003   149.99646533326393     
      572000  -1.8888547342996408E-003   7.1252909276613794E-003   5.2364361933617386E-003   149.99926719618912     
      574000  -1.8094482411501599E-003   7.1253277099201026E-003   5.3158794687699429E-003   150.00004152413030     
      576000  -1.7747406668657342E-003   7.1253104414646315E-003   5.3505697745988975E-003   149.99967799431900     
      578000  -1.7854820190344547E-003   7.1253063776596549E-003   5.3398243586252007E-003   149.99959244444116     
      580000  -1.8077176289405508E-003   7.1253386672633897E-003   5.3176210383228386E-003   150.00027219449592     
      582000  -1.8459027971925326E-003   7.1253849105816849E-003   5.2794821133891525E-003   150.00124569353301     
      584000  -1.9654266013140946E-003   7.1254292546233623E-003   5.1600026533092681E-003   150.00217920962709     
      586000  -2.3622185285151437E-003   7.1256675022965277E-003   4.7634489737813836E-003   150.00719472081798     
      588000  -2.8905306251258019E-003   7.1231904811706577E-003   4.2326598560448563E-003   149.95504929160222     
      590000  -2.8082934429170172E-003   7.1246889950344660E-003   4.3163955521174488E-003   149.98659550967761     
      592000  -2.0724810936475686E-003   7.1251737518387417E-003   5.0526926581911727E-003   149.99680044953874     
      594000  -1.8781015932752235E-003   7.1252453811987138E-003   5.2471437879234905E-003   149.99830836712619     
      596000  -1.8148569226832101E-003   7.1252786451990171E-003   5.3104217225158068E-003   149.99900862985513     
      598000  -1.7900493806546998E-003   7.1253363669967424E-003   5.3352869863420426E-003   150.00022377004350     
      600000  -1.7757777380784157E-003   7.1253596984797518E-003   5.3495819604013357E-003   150.00071493670455     
      602000  -1.7837257012667284E-003   7.1253367773924207E-003   5.3416110761256921E-003   150.00023240955755     
      604000  -1.8510905148414261E-003   7.1253357699155835E-003   5.2742452550741574E-003   150.00021120048848     
      606000  -1.9873794572806583E-003   7.1254200828513607E-003   5.1380406255707028E-003   150.00198612851742     
      608000  -2.3831625435604136E-003   7.1257259374240605E-003   4.7425633938636465E-003   150.00842487778945     
      610000  -2.7685265157792807E-003   7.1229077477828334E-003   4.3543812320035527E-003   149.94909728186451     
      612000  -2.7766050315670959E-003   7.1246667414078153E-003   4.3480617098407195E-003   149.98612703369201     
      614000  -2.0971215310557180E-003   7.1251577951965909E-003   5.0280362641408729E-003   149.99646453558745     
      616000  -1.9031772628759366E-003   7.1252859890823805E-003   5.2221087262064435E-003   149.99916323085796     
      618000  -1.8150756795695582E-003   7.1253178081133661E-003   5.3102421285438082E-003   149.99983307457089     
      620000  -1.7901126992976581E-003   7.1253021095575237E-003   5.3351894102598657E-003   149.99950259376720     
      622000  -1.7985682686447414E-003   7.1253100958791685E-003   5.3267418272344271E-003   149.99967071916817     
      624000  -1.8298319180304714E-003   7.1253595129825266E-003   5.2955275949520550E-003   150.00071103167835     
      626000  -1.8902427252382593E-003   7.1254030244277192E-003   5.2351602991894597E-003   150.00162702022672     
      628000  -2.0494918242738780E-003   7.1254639195452753E-003   5.0759720952713973E-003   150.00290896409427     
      630000  -2.6548079309828003E-003   7.1258652027954977E-003   4.4710572718126979E-003   150.01135664631281     
      632000  -2.4273885976768758E-003   7.1250389432215072E-003   4.6976503455446314E-003   149.99396250313035     
      634000  -3.2269008036824188E-003   7.1249453260450847E-003   3.8980445223626660E-003   149.99199170530568     
      636000  -3.2794170819611286E-003   7.1257408228902717E-003   3.8463237409291431E-003   150.00873824169926     
      638000  -2.8690137313618024E-003   7.1265783977933952E-003   4.2575646664315923E-003   150.02637059144692     
      640000  -2.6214840104635696E-003   7.1248677427108624E-003   4.5033837322472929E-003   149.99035844662220     
      642000  -2.1446183445111514E-003   7.1252156058947518E-003   4.9805972613836003E-003   149.99768154727838     
      644000  -2.0154713079096978E-003   7.1253176375118956E-003   5.1098463296021975E-003   149.99982948312518     
      646000  -1.9659252275578297E-003   7.1253315153175850E-003   5.1594062877597553E-003   150.00012163409906     
      648000  -2.1161909355765837E-003   7.1253970852139898E-003   5.0092061496374062E-003   150.00150198986429     
      650000  -2.4926610817008949E-003   7.1256879477665010E-003   4.6330268660656065E-003   150.00762513208744     
      652000  -3.0421865389953688E-003   7.1240501154466755E-003   4.0818635764513066E-003   149.97314602796970     
      654000  -2.7860052100163474E-003   7.1245689001304255E-003   4.3385636901140780E-003   149.98406731149134     
      656000  -1.9114926148947834E-003   7.1251348891105733E-003   5.2136422742157899E-003   149.99598232424313     
      658000  -1.7369923262603140E-003   7.1252471162926451E-003   5.3882547900323315E-003   149.99834489374956     
      660000  -1.6582375436218447E-003   7.1253216275167760E-003   5.4670840838949315E-003   149.99991347938783     
      662000  -1.6118085063278917E-003   7.1253400120262888E-003   5.5135315056983967E-003   150.00030050399954     
      664000  -1.5938650635469202E-003   7.1253102919779949E-003   5.5314452284310747E-003   149.99967484737579     
      666000  -1.6001744702174847E-003   7.1253005764015517E-003   5.5251261061840667E-003   149.99947031827492     
      668000  -1.6004191074781046E-003   7.1253234370132496E-003   5.5249043295351446E-003   149.99995157230890     
      670000  -1.5846707207501402E-003   7.1253467626610899E-003   5.5406760419109500E-003   150.00044261612993     
      672000  -1.5753945563476601E-003   7.1253260937818577E-003   5.5499315374341971E-003   150.00000750172265     
      674000  -1.5816588449284359E-003   7.1253037372651980E-003   5.5436448923367621E-003   149.99953685973063     
      676000  -1.5948757502286916E-003   7.1253247376409350E-003   5.5304489874122434E-003   149.99997895269263     
      678000  -1.5905121328334440E-003   7.1253468596096277E-003   5.5348347267761833E-003   150.00044465705847     
      680000  -1.5745817275858698E-003   7.1253362762234108E-003   5.5507545486375414E-003   150.00022185911337     
      682000  -1.5778266327493040E-003   7.1253017305435038E-003   5.5474750977941995E-003   149.99949461488944     
      684000  -1.5884506231327884E-003   7.1253047134944127E-003   5.5368540903616243E-003   149.99955741098506     
      686000  -1.5903168381357811E-003   7.1253438556947166E-003   5.5350270175589357E-003   150.00038141963560     
      688000  -1.5801082975622203E-003   7.1253527181053683E-003   5.5452444205431484E-003   150.00056798817252     
      690000  -1.5732362765944472E-003   7.1253193987008169E-003   5.5520831221063695E-003   149.99986655909166     
      692000  -1.5874178988366698E-003   7.1253005353643078E-003   5.5378826365276379E-003   149.99946945437244     
      694000  -1.5934629308803963E-003   7.1253204898155875E-003   5.5318575589351909E-003   149.99988952887881     
      696000  -1.5820511429772940E-003   7.1253486504802063E-003   5.5432975075029121E-003   150.00048235787338     
      698000  -1.5730200757969686E-003   7.1253326679451478E-003   5.5523125921481797E-003   150.00014589883318     
      700000  -1.5782282180859032E-003   7.1253057242005547E-003   5.5470775061146511E-003   149.99957868803637     
      702000  -1.5933936801636381E-003   7.1253201732050979E-003   5.5319264930414596E-003   149.99988286369955     
      704000  -1.5911169567827540E-003   7.1253431721662501E-003   5.5342262153834964E-003   150.00036703022047     
      706000  -1.5748781076853696E-003   7.1253394377771753E-003   5.5504613300918059E-003   150.00028841509720     
      708000  -1.5757120771640301E-003   7.1253054349240310E-003   5.5495933577600007E-003   149.99957259828270     
      710000  -1.5864796166612635E-003   7.1253033648627099E-003   5.5388237482014461E-003   149.99952902003665     
      712000  -1.5913362346146730E-003   7.1253409956320403E-003   5.5340047610173675E-003   150.00032121054241     
      714000  -1.5820116347740594E-003   7.1253537319687626E-003   5.5433420971947034E-003   150.00058933168924     
      716000  -1.5727502684482271E-003   7.1253229079318095E-003   5.5525726394835828E-003   149.99994043426148     
      718000  -1.5853271418151201E-003   7.1252986007329698E-003   5.5399714589178493E-003   149.99942872715360     
      720000  -1.5928183022057537E-003   7.1253162624555959E-003   5.5324979602498423E-003   149.99980053589491     
      722000  -1.5837311613248928E-003   7.1253489591655934E-003   5.5416177978407002E-003   150.00048885621601     
      724000  -1.5737125166454399E-003   7.1253383501211666E-003   5.5516258334757269E-003   150.00026551812277     
      726000  -1.5767527354864240E-003   7.1253078355848981E-003   5.5485551000984739E-003   149.99962313620102     
      728000  -1.5927564407890392E-003   7.1253154026426754E-003   5.5325589618536366E-003   149.99978243539778     
      730000  -1.5922425921616090E-003   7.1253388194012467E-003   5.5330962272396381E-003   150.00027539725176     
      732000  -1.5759981841597457E-003   7.1253421855396381E-003   5.5493440013798922E-003   150.00034626008346     
      734000  -1.5743312104468383E-003   7.1253100289073844E-003   5.5509788184605457E-003   149.99966930930034     
      736000  -1.5847427725710086E-003   7.1253026372420812E-003   5.5405598646710730E-003   149.99951370240791     
      738000  -1.5923465884297989E-003   7.1253375194055037E-003   5.5329909309757043E-003   150.00024803017146     
      740000  -1.5841156095202755E-003   7.1253535313175690E-003   5.5412379217972939E-003   150.00058510764671     
      742000  -1.5726640709457789E-003   7.1253264610253112E-003   5.5526623900795328E-003   150.00001523281034     
      744000  -1.5832295157271279E-003   7.1252977209666753E-003   5.5420682052395474E-003   149.99941020660464     
      746000  -1.5919483118419959E-003   7.1253124752001708E-003   5.5333641633581749E-003   149.99972080784670     
      748000  -1.5854712748996247E-003   7.1253486205107280E-003   5.5398773456111034E-003   150.00048172696583     
      750000  -1.5748597345526861E-003   7.1253434167342904E-003   5.5504836821816048E-003   150.00037217878594     
      752000  -1.5754914240286280E-003   7.1253103641930769E-003   5.5498189401644487E-003   149.99967636762381     
      754000  -1.5917957433681023E-003   7.1253108341107060E-003   5.5335150907426037E-003   149.99968626017426     
      756000  -1.5930503541649098E-003   7.1253341436248140E-003   5.5322837894599044E-003   150.00017696435327     
      758000  -1.5773316961857015E-003   7.1253445497420943E-003   5.5480128535563928E-003   150.00039603049137     
      760000  -1.5733436219228375E-003   7.1253153750742921E-003   5.5519717531514546E-003   149.99978185503730     
      762000  -1.5829893761795904E-003   7.1253025632968675E-003   5.5423131871172766E-003   149.99951214573773     
      764000  -1.5930854146517413E-003   7.1253335354631644E-003   5.5322481208114234E-003   150.00016416153542     
      766000  -1.5861698015621351E-003   7.1253522011700205E-003   5.5391823996078851E-003   150.00055710582060     
      768000  -1.5728537495905981E-003   7.1253299977631678E-003   5.5524762481725699E-003   150.00008968704557     
      770000  -1.5811155786095254E-003   7.1252980010067012E-003   5.5441824223971762E-003   149.99941610191459     
      772000  -1.5908176664663422E-003   7.1253092274869249E-003   5.5344915610205832E-003   149.99965243806196     
      774000  -1.5871651290220552E-003   7.1253476188162931E-003   5.5381824897942382E-003   150.00046063962600     
      776000  -1.5763625734767750E-003   7.1253476404880773E-003   5.5489850670113021E-003   150.00046109585324     
      778000  -1.5744382472301921E-003   7.1253132459550934E-003   5.5508749987249013E-003   149.99973703352433     
      780000  -1.5905066789751745E-003   7.1253066654512892E-003   5.5347999864761143E-003   149.99959850293541     
      782000  -1.5935011864999034E-003   7.1253293388420392E-003   5.5318281523421362E-003   150.00007581565598     
      784000  -1.5788291655851336E-003   7.1253464658297561E-003   5.5465173002446225E-003   150.00043636733488     
      786000  -1.5727825386424479E-003   7.1253212247677248E-003   5.5525386861252773E-003   149.99990500084806     
      788000  -1.5812559967076992E-003   7.1253031160269081E-003   5.5440471193192089E-003   149.99952378162769     
      790000  -1.5935083477844486E-003   7.1253291451234997E-003   5.5318207973390513E-003   150.00007173755736     
      792000  -1.5880849752205536E-003   7.1253498537299283E-003   5.5372648785093747E-003   150.00050768828842     
      794000  -1.5733085253931067E-003   7.1253334412758051E-003   5.5520249158826987E-003   150.00016217873431     
      796000  -1.5790693687364285E-003   7.1252994801461814E-003   5.5462301114097530E-003   149.99944724026955     
      798000  -1.5894651886551911E-003   7.1253065850188681E-003   5.5358413963636768E-003   149.99959680969872     
      800000  -1.5887584059949898E-003   7.1253459469294636E-003   5.5365875409344734E-003   150.00042544361762     
      802000  -1.5781469577924243E-003   7.1253508413813248E-003   5.5472038835889005E-003   150.00052847999885     
      804000  -1.5736144647213346E-003   7.1253164093231852E-003   5.5517019446018508E-003   149.99980362770279     
      806000  -1.5889246449449987E-003   7.1253030927324454E-003   5.5363784477874467E-003   149.99952329124037     
      808000  -1.5935902963596120E-003   7.1253245840556595E-003   5.5317342876960475E-003   149.99997571946622     
      810000  -1.5804527123250644E-003   7.1253478727908255E-003   5.5448951604657615E-003   150.00046598621384     
      812000  -1.5726739776114739E-003   7.1253272954124808E-003   5.5526533178010071E-003   150.00003279805298     
      814000  -1.5795872897060037E-003   7.1253042553573393E-003   5.5457169656513358E-003   149.99954776643497     
      816000  -1.5935882421870197E-003   7.1253244740854633E-003   5.5317362318984438E-003   149.99997340441004     
      818000  -1.5897889078059252E-003   7.1253466395730753E-003   5.5355577317671503E-003   150.00044002492177     
      820000  -1.5740176616121618E-003   7.1253367148154051E-003   5.5513190532032429E-003   150.00023109220692     
      822000  -1.5771803565407989E-003   7.1253021359526034E-003   5.5481217794118047E-003   149.99950314942768     
      824000  -1.5879377264195426E-003   7.1253045896476942E-003   5.5373668632281514E-003   149.99955480380493     
      826000  -1.5902002195361730E-003   7.1253436153112656E-003   5.5351433957750926E-003   150.00037635916271     
      828000  -1.5801302380430370E-003   7.1253529002821645E-003   5.5452226622391271E-003   150.00057182329815     
      830000  -1.5730381585748010E-003   7.1253197799271573E-003   5.5522816213523559E-003   149.99987458454245     
      832000  -1.5871015204205316E-003   7.1253003025613633E-003   5.5381987821408315E-003   149.99946455348189     
      834000  -1.5933273734687811E-003   7.1253200395097332E-003   5.5319926660409519E-003   149.99988004918896     
      836000  -1.5821614959669111E-003   7.1253487164295755E-003   5.5431872204626644E-003   150.00048374621767     
      838000  -1.5730231163101230E-003   7.1253332898159830E-003   5.5523101735058603E-003   150.00015899025223     
      840000  -1.5780255202433630E-003   7.1253059313430593E-003   5.5472804110996959E-003   149.99958304873184     
      842000  -1.5933092382314459E-003   7.1253196719055145E-003   5.5320104336740684E-003   149.99987231050656     
      844000  -1.5912225878735515E-003   7.1253427362769064E-003   5.5341201484033547E-003   150.00035785402224     
      846000  -1.5749653085958624E-003   7.1253397429418075E-003   5.5503744343459449E-003   150.00029483932207     
      848000  -1.5755344107500292E-003   7.1253058811100653E-003   5.5497714703600359E-003   149.99958199124347     
      850000  -1.5862849383641007E-003   7.1253032616944391E-003   5.5390183233303379E-003   149.99952684817234     
      852000  -1.5914416399968583E-003   7.1253406547945900E-003   5.5338990147977317E-003   150.00031403534516     
      854000  -1.5822235743210439E-003   7.1253537628619317E-003   5.5431301885408880E-003   150.00058998204202     
      856000  -1.5727220342208787E-003   7.1253232815922480E-003   5.5526012473713689E-003   149.99994830043741     
      858000  -1.5851028385060256E-003   7.1252984605222128E-003   5.5401956220161872E-003   149.99942577548310     
      860000  -1.5927336082722839E-003   7.1253158428727691E-003   5.5325822346004852E-003   149.99979170297604     
      862000  -1.5839111021406632E-003   7.1253489513067323E-003   5.5414378491660688E-003   150.00048869077386     
      864000  -1.5738129217967034E-003   7.1253389156661984E-003   5.5515259938694952E-003   150.00027742378967     
      866000  -1.5766090372013389E-003   7.1253080861873952E-003   5.5486990489860563E-003   149.99962841180187     
      868000  -1.5926677394179968E-003   7.1253149090468463E-003   5.5326471696288491E-003   149.99977204438167     
      870000  -1.5923411809840018E-003   7.1253383364453093E-003   5.5329971554613075E-003   150.00026523022314     
      872000  -1.5761300980430973E-003   7.1253424523372100E-003   5.5492123542941127E-003   150.00035187661769     
      874000  -1.5742084557659874E-003   7.1253105646069343E-003   5.5511021088409471E-003   149.99968058667002     
      876000  -1.5845573670991403E-003   7.1253026023330272E-003   5.5407452352338868E-003   149.99951296751405     
      878000  -1.5924369860647945E-003   7.1253371188390816E-003   5.5329001327742867E-003   150.00023959757968     
      880000  -1.5843365250381696E-003   7.1253534383601876E-003   5.5410169133220180E-003   150.00058315073866     
      882000  -1.5726730587455121E-003   7.1253268370665181E-003   5.5526537783210060E-003   150.00002314910540     
      884000  -1.5830055185534081E-003   7.1252976989952480E-003   5.5422921804418402E-003   149.99940974406940     
      886000  -1.5918397088124658E-003   7.1253121070975062E-003   5.5334723982850406E-003   149.99971305867120     
      888000  -1.5856541171182916E-003   7.1253485428457112E-003   5.5396944257274199E-003   150.00048009198758     
      890000  -1.5750051048544324E-003   7.1253439044992959E-003   5.5503387996448635E-003   150.00038244705345     
      892000  -1.5753716197842403E-003   7.1253106559404774E-003   5.5499390361562371E-003   149.99968250939355     
      894000  -1.5916737111627190E-003   7.1253103719710860E-003   5.5336366608083670E-003   149.99967653136389     
      896000  -1.5931146397561385E-003   7.1253336365768591E-003   5.5322189968207208E-003   150.00016629014749     
      898000  -1.5774852513652591E-003   7.1253447727377623E-003   5.5478595213725029E-003   150.00040072492240     
      900000  -1.5732657890018451E-003   7.1253159780056228E-003   5.5520501890037773E-003   149.99979454774817     
      902000  -1.5828050229558868E-003   7.1253025961026811E-003   5.5424975731467943E-003   149.99951283635488     
      904000  -1.5931455486815199E-003   7.1253330852761743E-003   5.5321875365946542E-003   150.00015468434788     
      906000  -1.5863816097938738E-003   7.1253519939901248E-003   5.5389703841962510E-003   150.00055274433797     
      908000  -1.5728923567578806E-003   7.1253303686514497E-003   5.5524380118935693E-003   150.00009749486296     
      910000  -1.5808948663926313E-003   7.1252981054807660E-003   5.5444032390881345E-003   149.99941830126804     
      912000  -1.5906839674773149E-003   7.1253089197842586E-003   5.5346249523069435E-003   149.99964596040724     
      914000  -1.5873410038175721E-003   7.1253474696559571E-003   5.5380064658383851E-003   150.00045749955197     
      916000  -1.5765425471614026E-003   7.1253480284189201E-003   5.5488054812575177E-003   150.00046926244499     
      918000  -1.5743420424193541E-003   7.1253135719346787E-003   5.5509715295153248E-003   149.99974389593871     
      920000  -1.5903516187292274E-003   7.1253062561946797E-003   5.5349546374654519E-003   149.99958988740067     
      922000  -1.5935276035620007E-003   7.1253288274476436E-003   5.5318012238856429E-003   150.00006504995034     
      924000  -1.5789988324009239E-003   7.1253466380551871E-003   5.5463478056542630E-003   150.00043999296767     
      926000  -1.5727521206147870E-003   7.1253218666585327E-003   5.5525697460437461E-003   149.99991851372096     
      928000  -1.5810762084973783E-003   7.1253032134083192E-003   5.5442270049109411E-003   149.99952583166893     
      930000  -1.5935334648156131E-003   7.1253286572825472E-003   5.5317951924669338E-003   150.00006146769104     
      932000  -1.5882783550182015E-003   7.1253495459895492E-003   5.5370711909713474E-003   150.00050120983977     
      934000  -1.5733751871167692E-003   7.1253337987971406E-003   5.5519586116803714E-003   150.00016970515517     
      936000  -1.5788607783767583E-003   7.1252997126085953E-003   5.5464389342318367E-003   149.99945213399138     
      938000  -1.5893103538839263E-003   7.1253063437447120E-003   5.5359959898607855E-003   149.99959173047500     
      940000  -1.5889211845744229E-003   7.1253457260193487E-003   5.5364245414449261E-003   150.00042079309097     
      942000  -1.5783528796685605E-003   7.1253511130944906E-003   5.5469982334259305E-003   150.00053420001453     
      944000  -1.5735437575755966E-003   7.1253167619821107E-003   5.5517730044065145E-003   149.99981105176181     
      946000  -1.5887407805065985E-003   7.1253027573616829E-003   5.5365619768550844E-003   149.99951623112602     
      948000  -1.5935786569284702E-003   7.1253240863823420E-003   5.5317454294538720E-003   149.99996524261221     
      950000  -1.5806341068801200E-003   7.1253479877268436E-003   5.5447138808467234E-003   150.00046840580885     
      952000  -1.5726926382904432E-003   7.1253279451138768E-003   5.5526353068234332E-003   150.00004647535181     
      954000  -1.5794165378483398E-003   7.1253044128947183E-003   5.5458878750463785E-003   149.99955108285974     
      956000  -1.5935756355974400E-003   7.1253239632721090E-003   5.5317483276746690E-003   149.99996265093631     
      958000  -1.5899565822866224E-003   7.1253462484981338E-003   5.5353896662115112E-003   150.00043179214148     
      960000  -1.5741109725054875E-003   7.1253370507132780E-003   5.5512260782077903E-003   150.00023816341781     
      962000  -1.5769932991061412E-003   7.1253024910467875E-003   5.5483091919406461E-003   149.99951062475296     
      964000  -1.5877666915616805E-003   7.1253044184520766E-003   5.5375377268903963E-003   149.99955119985142     
      966000  -1.5903443209647581E-003   7.1253433244400349E-003   5.5349990034752770E-003   150.00037023583781     
      968000  -1.5803528738122675E-003   7.1253530460492556E-003   5.5450001722369881E-003   150.00057489193873     
      970000  -1.5729946652632452E-003   7.1253201513658453E-003   5.5523254861026003E-003   149.99988240394683     
      972000  -1.5868949824620014E-003   7.1253000606030159E-003   5.5384050781410142E-003   149.99945945985479     
      974000  -1.5932790842446561E-003   7.1253195715459700E-003   5.5320404873013141E-003   149.99987019777063     
      976000  -1.5823500169504035E-003   7.1253487683197898E-003   5.5429987513693863E-003   150.00048483859331     
      978000  -1.5730903586398750E-003   7.1253339154110215E-003   5.5522435567711467E-003   150.00017216007203     
      980000  -1.5778681303328026E-003   7.1253061436181387E-003   5.5474380132853364E-003   149.99958751747658     
      982000  -1.5932575876977789E-003   7.1253191553852417E-003   5.5320615676874626E-003   149.99986143689267     
      984000  -1.5913588146725141E-003   7.1253422814598517E-003   5.5339834667873372E-003   150.00034827936406     
      986000  -1.5750833793558392E-003   7.1253400490451559E-003   5.5502566696893170E-003   150.00030128330849     
      988000  -1.5753777899234504E-003   7.1253063464037847E-003   5.5499285564803340E-003   149.99959178645292     
      990000  -1.5861029696137554E-003   7.1253031620851824E-003   5.5392001924714270E-003   149.99952475123123     
      992000  -1.5915617863108760E-003   7.1253402981128408E-003   5.5337785118019650E-003   150.00030652659899     
      994000  -1.5824532670331796E-003   7.1253537798336274E-003   5.5429005128004478E-003   150.00059033932453     
      996000  -1.5727069519015932E-003   7.1253236636637050E-003   5.5526167117621117E-003   149.99995634367932     
      998000  -1.5848812395376976E-003   7.1252983287102122E-003   5.5404170891725146E-003   149.99942300062048     
     1000000  -1.5926512694712633E-003   7.1253154181968826E-003   5.5326641487256191E-003   149.99978276283980     
