 #step, Pot, Kin, Tot, temp
        2000  -1.7120846353059552E-002   5.7029944905669155E-003  -1.1417851862492636E-002   120.05755317133558     
        4000  -8.7409311735841284E-003   5.7193838097534750E-003  -3.0215473638306534E-003   120.40257569642078     
        6000  -1.8909763985415932E-002   5.6988153832490352E-003  -1.3210948602166896E-002   119.96957598674335     
        8000  -2.0712280155277964E-002   5.7008061711006069E-003  -1.5011473984177357E-002   120.01148539393957     
       10000  -1.8974095946994732E-002   5.7146594777802151E-003  -1.3259436469214517E-002   120.30312062277187     
       12000  -1.8996902925049845E-002   5.6986272411157753E-003  -1.3298275683934071E-002   119.96561528080106     
       14000  -1.6922711277406903E-002   5.7005930893052961E-003  -1.1222118188101607E-002   120.00699966648311     
       16000  -1.7648311133343218E-002   5.6988014959929167E-003  -1.1949509637350302E-002   119.96928363682217     
       18000  -1.6688844497968158E-002   5.7028566912262204E-003  -1.0985987806741936E-002   120.05465226520639     
       20000  -1.6782878706156721E-002   5.7078991400087414E-003  -1.1074979566147980E-002   120.16080422867446     
       22000  -1.9226916386236331E-002   5.7027606457673496E-003  -1.3524155740468981E-002   120.05263034798303     
       24000  -2.0709157447696025E-002   5.7018408609292009E-003  -1.5007316586766824E-002   120.03326734188248     
       26000  -2.1919205406268773E-002   5.6964840167326820E-003  -1.6222721389536090E-002   119.92049683017711     
       28000  -1.8986225808183054E-002   5.7104381110139489E-003  -1.3275787697169104E-002   120.21425380625381     
       30000  -1.8586208205336883E-002   5.7023708665977051E-003  -1.2883837338739178E-002   120.04442484586268     
       32000  -2.1873354881286302E-002   5.7064008239485113E-003  -1.6166954057337792E-002   120.12926217469456     
       34000  -2.2824417566857467E-002   5.6988236207913085E-003  -1.7125593946066157E-002   119.96974940075789     
       36000  -1.7630010845934560E-002   5.7012292544311493E-003  -1.1928781591503412E-002   120.02039200423640     
       38000  -1.3923127757440210E-002   5.7211619177804937E-003  -8.2019658396597153E-003   120.44000783831594     
       40000  -1.8670669904406002E-002   5.6998174604632329E-003  -1.2970852443942769E-002   119.99067138471793     
       42000  -1.9532897337422521E-002   5.7043509765331030E-003  -1.3828546360889418E-002   120.08610946510041     
       44000  -1.7247527987928134E-002   5.7014874689218552E-003  -1.1546040519006279E-002   120.02582785026409     
       46000  -1.7259292437196913E-002   5.7031848894638082E-003  -1.1556107547733105E-002   120.06156138591922     
       48000  -2.1353303021127278E-002   5.7008118162445902E-003  -1.5652491204882688E-002   120.01160423364300     
       50000  -2.2375588647082497E-002   5.6996599237627132E-003  -1.6675928723319786E-002   119.98735497421984     
       52000  -2.2455471986588541E-002   5.6976795189356043E-003  -1.6757792467652938E-002   119.94566414701937     
       54000  -2.2925052741001730E-002   5.6991435238381112E-003  -1.7225909217163618E-002   119.97648389385878     
       56000  -2.4045884516228796E-002   5.6995244242228097E-003  -1.8346360092005985E-002   119.98450248273600     
       58000  -2.1774879874647660E-002   5.6985038836624459E-003  -1.6076375990985214E-002   119.96301840050657     
       60000  -2.0921177070402742E-002   5.7000653435953846E-003  -1.5221111726807356E-002   119.99588973840349     
       62000  -1.9870275193276155E-002   5.7021984915274016E-003  -1.4168076701748755E-002   120.04079606291319     
       64000  -2.5809455029076885E-002   5.7027115419920728E-003  -2.0106743487084813E-002   120.05159663155196     
       66000  -2.4941998006820863E-002   5.7140924170287393E-003  -1.9227905589792125E-002   120.29118304744468     
       68000  -2.4028894868319238E-002   5.7014621287490054E-003  -1.8327432739570233E-002   120.02529439732911     
       70000  -2.4331500139241909E-002   5.6999367765452726E-003  -1.8631563362696637E-002   119.99318318740113     
       72000  -2.5271449838648100E-002   5.6994031167354976E-003  -1.9572046721912602E-002   119.98194875764787     
       74000  -2.4526843567324277E-002   5.6994685753977365E-003  -1.8827374991926542E-002   119.98332677174824     
       76000  -2.5861221887659158E-002   5.6995908365922469E-003  -2.0161631051066910E-002   119.98590057396477     
       78000  -2.7556451962066415E-002   5.7019354467565371E-003  -2.1854516515309879E-002   120.03525853142570     
       80000  -2.5433177474603941E-002   5.7083270285019179E-003  -1.9724850446102022E-002   120.16981199566527     
       82000  -2.3194966736272145E-002   5.7007455098791650E-003  -1.7494221226392978E-002   120.01020837397563     
       84000  -2.3977642491981851E-002   5.7003860410634235E-003  -1.8277256450918426E-002   120.00264095539741     
       86000  -2.3416825261617997E-002   5.7011204242834969E-003  -1.7715704837334499E-002   120.01810094797463     
       88000  -2.4607708678571340E-002   5.7023513885883278E-003  -1.8905357289983014E-002   120.04401480125360     
       90000  -2.4134845808911710E-002   5.6990031812910198E-003  -1.8435842627620692E-002   119.97352944898995     
       92000  -2.0531747670720656E-002   5.6987090878370845E-003  -1.4833038582883571E-002   119.96733829089897     
       94000  -2.0008068120812180E-002   5.7022312010839753E-003  -1.4305836919728206E-002   120.04148465367618     
       96000  -2.4137354226244179E-002   5.6990289179138153E-003  -1.8438325308330363E-002   119.97407124785805     
       98000  -2.1800194679981857E-002   5.7015321629874200E-003  -1.6098662516994437E-002   120.02676873494528     
      100000  -2.0822288105470498E-002   5.7039013502032769E-003  -1.5118386755267221E-002   120.07664408036443     
      102000  -1.8805003950325722E-002   5.7008164709981260E-003  -1.3104187479327595E-002   120.01170222397440     
      104000  -1.6260820470456478E-002   5.6992641443365331E-003  -1.0561556326119945E-002   119.97902315668409     
      106000  -1.7984679721035346E-002   5.7029878075936756E-003  -1.2281691913441670E-002   120.05741248359402     
      108000  -2.0727863410240299E-002   5.7000874934815832E-003  -1.5027775916758716E-002   119.99635603047942     
      110000  -1.9182453441765758E-002   5.6997271898240583E-003  -1.3482726251941701E-002   119.98877103708820     
      112000  -1.9539968236170491E-002   5.7008002056359499E-003  -1.3839168030534541E-002   120.01135981095129     
      114000  -1.7588780992008300E-002   5.7029737799317816E-003  -1.1885807212076518E-002   120.05711717789690     
      116000  -1.5066210212629260E-002   5.6997605365905887E-003  -9.3664496760386719E-003   119.98947304218437     
      118000  -1.5088781062260559E-002   5.7017197448833027E-003  -9.3870613173772550E-003   120.03071764695565     
      120000  -1.5673320275264697E-002   5.7004081801931882E-003  -9.9729120950715101E-003   120.00310702103246     
      122000  -1.6730420568635985E-002   5.7004945565531252E-003  -1.1029926012082860E-002   120.00492538758411     
      124000  -1.4879522209067552E-002   5.6987669948362846E-003  -9.1807552142312669E-003   119.96855732988750     
      126000  -1.3175510416456820E-002   5.7004838206014116E-003  -7.4750265958554085E-003   120.00469937788064     
      128000  -1.1838095102857217E-002   5.7041114182382596E-003  -6.1339836846189578E-003   120.08106636313558     
      130000  -1.1746235180071951E-002   5.6989134523707605E-003  -6.0473217277011906E-003   119.97164050544760     
      132000  -1.2152481233273860E-002   5.7010855614964464E-003  -6.4513956717774136E-003   120.01736702811606     
      134000  -1.1737906867289441E-002   5.6924914196985208E-003  -6.0454154475909202E-003   119.83644599837052     
      136000  -1.3437534511360510E-002   5.6989332903761274E-003  -7.7386012209843830E-003   119.97205812857315     
      138000  -1.1633304353461587E-002   5.6999439735887685E-003  -5.9333603798728185E-003   119.99333469717965     
      140000  -1.1396692296157923E-002   5.7003845467459959E-003  -5.6963077494119269E-003   120.00260949752132     
      142000  -1.1621119609622541E-002   5.6998084835919874E-003  -5.9213111260305535E-003   119.99048240659448     
      144000  -1.2059859439288509E-002   5.7047980374665260E-003  -6.3550614018219832E-003   120.09552084396006     
      146000  -1.3119751414768651E-002   5.6985108802081524E-003  -7.4212405345604983E-003   119.96316568947196     
      148000  -1.4378931260644882E-002   5.7013025516264183E-003  -8.6776287090184635E-003   120.02193503254072     
      150000  -1.5898494423148703E-002   5.7010471707680064E-003  -1.0197447252380696E-002   120.01655883920256     
      152000  -1.4931010429580666E-002   5.6985497194577970E-003  -9.2324607101228681E-003   119.96398332050546     
      154000  -1.3232911473220643E-002   5.7006924810171916E-003  -7.5322189922034516E-003   120.00909202791803     
      156000  -1.2685837348169141E-002   5.6999534984313541E-003  -6.9858838497377871E-003   119.99353521101446     
      158000  -1.0754641211964708E-002   5.7000777933897875E-003  -5.0545634185749210E-003   119.99615182735623     
      160000  -8.9051879823676874E-003   5.7002946358467588E-003  -3.2048933465209286E-003   120.00071672301775     
      162000  -9.7309918388607357E-003   5.6988327797658552E-003  -4.0321590590948805E-003   119.96994221245978     
      164000  -1.1249324545613124E-002   5.7017531059845236E-003  -5.5475714396286003E-003   120.03141995382099     
      166000  -1.0590915547524378E-002   5.6942951462121902E-003  -4.8966204013121874E-003   119.87441745217073     
      168000  -9.9942716716742118E-003   5.7038054901912445E-003  -4.2904661814829673E-003   120.07462606710655     
      170000  -9.6676683452141567E-003   5.6998655293625756E-003  -3.9678028158515810E-003   119.99168331528323     
      172000  -1.0628997502394504E-002   5.7013877413631198E-003  -4.9276097610313841E-003   120.02372841869261     
      174000  -1.2471260678720932E-002   5.6937124274294088E-003  -6.7775482512915227E-003   119.86215024914898     
      176000  -1.1961421378907646E-002   5.6998760872419797E-003  -6.2615452916656668E-003   119.99190557626734     
      178000  -1.0256196933244097E-002   5.7030413457509095E-003  -4.5531555874931875E-003   120.05853955116693     
      180000  -1.0499834025184895E-002   5.7001879633764557E-003  -4.7996460618084397E-003   119.99847108946567     
      182000  -1.0431610885710390E-002   5.7023002039975641E-003  -4.7293106817128255E-003   120.04293728018334     
      184000  -9.5922633937412360E-003   5.7005810939019606E-003  -3.8916822998392754E-003   120.00674714322078     
      186000  -1.0812383079158029E-002   5.7005788953979359E-003  -5.1118041837600933E-003   120.00670086104144     
      188000  -1.1466102331670268E-002   5.6998903416513643E-003  -5.7662119900189039E-003   119.99220565537762     
      190000  -1.1394349686148705E-002   5.7031834732473100E-003  -5.6911662129013954E-003   120.06153157219806     
      192000  -1.1360496983552048E-002   5.7064479821485525E-003  -5.6540490014034958E-003   120.13025493351947     
      194000  -8.8104780804929214E-003   5.6991085922961163E-003  -3.1113694881968051E-003   119.97574852659386     
      196000  -8.0164409084563879E-003   5.7003628255358658E-003  -2.3160780829205221E-003   120.00215222979216     
      198000  -7.8175961339967282E-003   5.7008496942692966E-003  -2.1167464397274316E-003   120.01240162928711     
      200000  -7.8199901246899274E-003   5.7005189619740862E-003  -2.1194711627158412E-003   120.00543916243161     
      202000  -9.5935002957537423E-003   5.7011261807125681E-003  -3.8923741150411742E-003   120.01822213041493     
      204000  -1.1133548933230744E-002   5.7008131091848911E-003  -5.4327358240458534E-003   120.01163145219444     
      206000  -1.0984556391498989E-002   5.6992212743137748E-003  -5.2853351171852142E-003   119.97812067114860     
      208000  -1.0956240861737441E-002   5.7004035584963244E-003  -5.2558373032411164E-003   120.00300972659917     
      210000  -1.1820706275271953E-002   5.6989108054600213E-003  -6.1217954698119317E-003   119.97158478355846     
      212000  -1.1250649603777691E-002   5.6999845145598348E-003  -5.5506650892178560E-003   119.99418815228950     
      214000  -1.0928846555138811E-002   5.6998609332349105E-003  -5.2289856219039001E-003   119.99158655912426     
      216000  -1.0338706746364579E-002   5.6998165519436070E-003  -4.6388901944209721E-003   119.99065225886335     
      218000  -1.0786097083810483E-002   5.7014829475544775E-003  -5.0846141362560051E-003   120.02573266793397     
      220000  -1.0591295695630540E-002   5.7000771047307115E-003  -4.8912185908998283E-003   119.99613732993321     
      222000  -1.0477031775606476E-002   5.7009876973716607E-003  -4.7760440782348155E-003   120.01530682493956     
      224000  -1.1683514151385428E-002   5.7036882546481734E-003  -5.9798258967372541E-003   120.07215806324137     
      226000  -1.1282603186009722E-002   5.6986851914150299E-003  -5.5839179945946921E-003   119.96683523132803     
      228000  -9.3241976486436815E-003   5.6998278920194750E-003  -3.6243697566242065E-003   119.99089098638864     
      230000  -9.0523292796784276E-003   5.7001263518844086E-003  -3.3522029277940190E-003   119.99717406471933     
      232000  -1.0219543276802587E-002   5.7012623915952791E-003  -4.5182808852073080E-003   120.02108959685218     
      234000  -1.1968332713160850E-002   5.7005293610416950E-003  -6.2678033521191548E-003   120.00565808016236     
      236000  -1.1394029479692024E-002   5.7001550061787564E-003  -5.6938744735132675E-003   119.99777728544363     
      238000  -1.1155625994317577E-002   5.6989257947749148E-003  -5.4567001995426620E-003   119.97190033365635     
      240000  -1.0748601353305109E-002   5.7001787659467880E-003  -5.0484225873583212E-003   119.99827746821929     
      242000  -9.6997379925790571E-003   5.7006506318180638E-003  -3.9990873607609933E-003   120.00821103242386     
      244000  -1.1167097847774097E-002   5.7023754845005733E-003  -5.4647223632735232E-003   120.04452206042602     
      246000  -1.3051953122023424E-002   5.7001952500982849E-003  -7.3517578719251393E-003   119.99862448712278     
      248000  -1.1408100820063518E-002   5.7006181306381506E-003  -5.7074826894253673E-003   120.00752682833739     
      250000  -1.0416799560355445E-002   5.6998102555668997E-003  -4.7169893047885455E-003   119.99051970962407     
      252000  -1.0214702590741340E-002   5.7011563548376000E-003  -4.5135462359037403E-003   120.01885734611194     
      254000  -1.0426326457303518E-002   5.7006834233736146E-003  -4.7256430339299030E-003   120.00890134940218     
      256000  -1.0901523999161286E-002   5.6995297291763036E-003  -5.2019942699849829E-003   119.98461416086181     
      258000  -9.7146264578631888E-003   5.6993868969683493E-003  -4.0152395608948396E-003   119.98160730447620     
      260000  -9.2115047996004663E-003   5.6991256634210492E-003  -3.5123791361794171E-003   119.97610790226794     
      262000  -9.3786780315699321E-003   5.7005595250380764E-003  -3.6781185065318557E-003   120.00629308263439     
      264000  -1.0888388398438972E-002   5.7031134661472832E-003  -5.1852749322916884E-003   120.06005780589025     
      266000  -1.0656278999108544E-002   5.6996108641367040E-003  -4.9566681349718401E-003   119.98632218720454     
      268000  -9.3028336483950043E-003   5.6999711610358087E-003  -3.6028624873591956E-003   119.99390703831973     
      270000  -8.5575829660241038E-003   5.7000005412235913E-003  -2.8575824248005125E-003   119.99452554031245     
      272000  -8.3399720430459810E-003   5.7004717136413859E-003  -2.6395003294045951E-003   120.00444450616378     
      274000  -9.0146843222015608E-003   5.7011326754397938E-003  -3.3135516467617671E-003   120.01835885526368     
      276000  -1.0112869003918596E-002   5.7007745294910903E-003  -4.4120944744275060E-003   120.01081928524469     
      278000  -1.0181197966936346E-002   5.6998741503657482E-003  -4.4813238165705982E-003   119.99186480178975     
      280000  -1.0788266268469144E-002   5.7000911780624372E-003  -5.0881750904067068E-003   119.99643359705651     
      282000  -1.0674445282015825E-002   5.7011492171419442E-003  -4.9732960648738809E-003   120.01870708570451     
      284000  -8.3173600479302980E-003   5.6991148952210344E-003  -2.6182451527092636E-003   119.97588121368391     
      286000  -7.8670402368393889E-003   5.7007134162297612E-003  -2.1663268206096277E-003   120.00953274908660     
      288000  -9.0702378620385344E-003   5.7011740674910482E-003  -3.3690637945474862E-003   120.01923022703207     
      290000  -8.3446771302234535E-003   5.7026825524403024E-003  -2.6419945777831511E-003   120.05098635309932     
      292000  -7.2704261733478300E-003   5.6995408261461830E-003  -1.5708853472016469E-003   119.98484777060027     
      294000  -7.3893776687546835E-003   5.7004039737873075E-003  -1.6889736949673760E-003   120.00301846916756     
      296000  -8.3750945740330169E-003   5.7012089650187239E-003  -2.6738856090142930E-003   120.01996487823881     
      298000  -8.2761079300036258E-003   5.7047302300364533E-003  -2.5713776999671725E-003   120.09409338437635     
      300000  -8.0610988250822985E-003   5.7016890550358520E-003  -2.3594097700464466E-003   120.03007157444090     
      302000  -6.5032294873651631E-003   5.7001592428958456E-003  -8.0307024446931753E-004   119.99786647541008     
      304000  -7.5375316029380988E-003   5.7016822037113911E-003  -1.8358493992267078E-003   120.02992734262511     
      306000  -8.2068330784992403E-003   5.7020692835299128E-003  -2.5047637949693275E-003   120.03807601889871     
      308000  -6.2144346982702971E-003   5.6996488012899535E-003  -5.1478589698034354E-004   119.98712082760318     
      310000  -5.7107175362894978E-003   5.7002150009509986E-003  -1.0502535338499132E-005   119.99904027553951     
      312000  -5.9185944204840097E-003   5.7005640295399642E-003  -2.1803039094404550E-004   120.00638790991781     
      314000  -7.0489821727407354E-003   5.6994936789940944E-003  -1.3494884937466410E-003   119.98385524435319     
      316000  -6.7559502451192835E-003   5.6993788309652503E-003  -1.0565714141540332E-003   119.98143750164760     
      318000  -5.9233457166642835E-003   5.7001845667317801E-003  -2.2316114993250341E-004   119.99839958442574     
      320000  -6.2175772650897420E-003   5.7007529793972542E-003  -5.1682428569248783E-004   120.01036561979913     
      322000  -5.2031605978098503E-003   5.6989621709935363E-003   4.9580157318368599E-004   119.97266611377565     
      324000  -5.9676557592376125E-003   5.6995486764889062E-003  -2.6810708274870639E-004   119.98501303341797     
      326000  -5.2158642886958690E-003   5.7000949285711342E-003   4.8423063987526518E-004   119.99651255152473     
      328000  -5.0059417276734543E-003   5.7002152836944167E-003   6.9427355602096237E-004   119.99904622776042     
      330000  -4.9251349705734717E-003   5.7002137814977137E-003   7.7507881092424204E-004   119.99901460401243     
      332000  -4.8708762932999534E-003   5.7002483684881547E-003   8.2937207518820125E-004   119.99974271789203     
      334000  -4.8353006285912804E-003   5.7002338445719929E-003   8.6493321598071250E-004   119.99943696521426     
      336000  -4.8161535652140996E-003   5.7002578857224444E-003   8.8410432050834483E-004   119.99994307155950     
      338000  -4.7919053926759438E-003   5.7002434405245975E-003   9.0833804784865371E-004   119.99963897603365     
      340000  -4.7923982446015194E-003   5.7002525590019127E-003   9.0785431440039335E-004   119.99983093520123     
      342000  -4.7728254766156285E-003   5.7002572808687643E-003   9.2743180425313571E-004   119.99993033837995     
      344000  -4.7792063902646923E-003   5.7002361243598575E-003   9.2102973409516516E-004   119.99948495855411     
      346000  -4.7780265720199361E-003   5.7002537943518922E-003   9.2222722233195609E-004   119.99985694138027     
      348000  -4.7828052839048209E-003   5.7002334926847028E-003   9.1742820877988192E-004   119.99942955739944     
      350000  -4.7832379660337479E-003   5.7002700864436937E-003   9.1703212040994582E-004   120.00019991710661     
      352000  -4.7851156040455856E-003   5.7002464525190517E-003   9.1513084847346608E-004   119.99970238354437     
      354000  -4.7835534789178805E-003   5.7002846117029651E-003   9.1673113278508463E-004   120.00050569805910     
      356000  -4.7801158008585485E-003   5.7002518199385701E-003   9.2013601908002163E-004   119.99981537668425     
      358000  -4.7941166114238111E-003   5.7002792164976297E-003   9.0616260507381859E-004   120.00039211998138     
      360000  -4.7849744337043528E-003   5.7002703391739636E-003   9.1529590546961075E-004   120.00020523750065     
      362000  -4.8012850663344386E-003   5.7002723118440880E-003   8.9898724550964947E-004   120.00024676549944     
      364000  -4.7959079612672909E-003   5.7002832772140031E-003   9.0437531594671217E-004   120.00047760483899     
      366000  -4.8012635243900332E-003   5.7002726110887934E-003   8.9900908669876024E-004   120.00025306509998     
      368000  -4.7939569617433493E-003   5.7002897921672561E-003   9.0633283042390687E-004   120.00061475547939     
      370000  -4.7927841253777017E-003   5.7002606333376891E-003   9.0747650795998738E-004   120.00000091344658     
      372000  -4.7893979948783281E-003   5.7002801207349067E-003   9.1088212585657864E-004   120.00041115568537     
      374000  -4.7815019635704080E-003   5.7002382729942581E-003   9.1873630942385012E-004   119.99953019089463     
      376000  -4.7962838819293543E-003   5.7002707558727874E-003   9.0398687394343310E-004   120.00021400970643     
      378000  -4.7781051443322523E-003   5.7002486160800947E-003   9.2214347174784245E-004   119.99974793011563     
      380000  -4.7948317306795015E-003   5.7002690813608824E-003   9.0543735068138089E-004   120.00017875843581     
      382000  -4.7798661570670328E-003   5.7002613750729344E-003   9.2039521800590159E-004   120.00001652821156     
      384000  -4.7897150604347899E-003   5.7002681731927463E-003   9.1055311275795633E-004   120.00015963998068     
      386000  -4.7762460192702898E-003   5.7002687422056447E-003   9.2402272293535485E-004   120.00017161865196     
      388000  -4.7846771311570568E-003   5.7002683988854009E-003   9.1559126772834416E-004   120.00016439118777     
      390000  -4.7733878977692665E-003   5.7002820863383480E-003   9.2689418856908151E-004   120.00045253491869     
      392000  -4.7741047900580228E-003   5.7002672498821239E-003   9.2616245982410101E-004   120.00014020275093     
      394000  -4.7779327048958001E-003   5.7002906467360928E-003   9.2235794184029277E-004   120.00063274557981     
      396000  -4.7606504087905326E-003   5.7002709223234437E-003   9.3962051353291103E-004   120.00021751377056     
      398000  -4.7748374215399129E-003   5.7002786206898576E-003   9.2544119914994474E-004   120.00037957723329     
      400000  -4.7591580354912309E-003   5.7002584069458023E-003   9.4110037145457136E-004   119.99995404418119     
      402000  -4.7761800709667391E-003   5.7002612184099740E-003   9.2408114744323491E-004   120.00001323019475     
      404000  -4.7598503519051608E-003   5.7002520092701214E-003   9.4040165736496064E-004   119.99981936242943     
      406000  -4.7801218645601440E-003   5.7002574212029287E-003   9.2013555664278469E-004   119.99993329264835     
      408000  -4.7596762869425800E-003   5.7002610609810959E-003   9.4058477403851596E-004   120.00000991605410     
      410000  -4.7785160709938384E-003   5.7002435710009703E-003   9.2172750000713184E-004   119.99964172277907     
      412000  -4.7704606532000052E-003   5.7002613569559508E-003   9.2980070375594560E-004   120.00001614681882     
      414000  -4.7735481080332307E-003   5.7002391505047633E-003   9.2669104247153269E-004   119.99954866395545     
      416000  -4.7769352996834711E-003   5.7002521879330713E-003   9.2331688824960016E-004   119.99982312358274     
      418000  -4.7736748236281903E-003   5.7002475658822077E-003   9.2657274225401744E-004   119.99972582169718     
      420000  -4.7806095982644275E-003   5.7002591134490358E-003   9.1964951518460833E-004   119.99996891725351     
      422000  -4.7664175246941842E-003   5.7002651741263205E-003   9.3384764943213634E-004   120.00009650462653     
      424000  -4.7799085669739524E-003   5.7002690363611771E-003   9.2036046938722468E-004   120.00017781111690     
      426000  -4.7524950654380975E-003   5.7002720460920409E-003   9.4777698065394347E-004   120.00024117097527     
      428000  -4.7754195529584147E-003   5.7002493983679091E-003   9.2482984540949442E-004   119.99976439857988     
      430000  -4.7591717918379958E-003   5.7002697323545390E-003   9.4109794051654323E-004   120.00019246293888     
      432000  -4.7722626975414510E-003   5.7002409852892231E-003   9.2797828774777210E-004   119.99958728923086     
      434000  -4.7678863513348786E-003   5.7002641929929524E-003   9.3237784165807382E-004   120.00007585013147     
      436000  -4.7713364208847586E-003   5.7002416667604862E-003   9.2890524587572760E-004   119.99960163533844     
      438000  -4.7680982675338979E-003   5.7002603014550835E-003   9.3216203392118557E-004   119.99999392676378     
      440000  -4.7647388937007464E-003   5.7002342931698358E-003   9.3549539946908948E-004   119.99944640894762     
      442000  -4.7682866036264484E-003   5.7002479037635374E-003   9.3196130013708904E-004   119.99973293466314     
      444000  -4.7568367593407209E-003   5.7002320699036458E-003   9.4339531056292485E-004   119.99939960548336     
      446000  -4.7728015611792872E-003   5.7002313054024248E-003   9.2742974422313756E-004   119.99938351145659     
      448000  -4.7642008834120082E-003   5.7002597746954433E-003   9.3605889128343511E-004   119.99998283759410     
      450000  -4.7755436558120958E-003   5.7002444983226142E-003   9.2470084251051847E-004   119.99966124444752     
      452000  -4.7679564729860369E-003   5.7002774004168656E-003   9.3232092743082869E-004   120.00035388844999     
      454000  -4.7745836412011640E-003   5.7002524624630334E-003   9.2566882126186942E-004   119.99982890289668     
      456000  -4.7654510579506204E-003   5.7002778738060892E-003   9.3482681585546883E-004   120.00036385408330     
      458000  -4.7690892825148828E-003   5.7002465564343751E-003   9.3115727391949229E-004   119.99970457113538     
      460000  -4.7672073166300849E-003   5.7002784841451931E-003   9.3307116751510828E-004   120.00037670274020     
      462000  -4.7583085664586623E-003   5.7002536801177006E-003   9.4194511365903837E-004   119.99985453655987     
      464000  -4.7696007260363237E-003   5.7002706962538301E-003   9.3066997021750645E-004   120.00021275462785     
      466000  -4.7571658536082785E-003   5.7002716950137460E-003   9.4310584140546751E-004   120.00023378019117     
      468000  -4.7650709152364992E-003   5.7002601162525210E-003   9.3518920101602187E-004   119.99999002794071     
      470000  -4.7581160795537539E-003   5.7002615262065192E-003   9.4214544665276526E-004   120.00001970982579     
      472000  -4.7656264371859413E-003   5.7002407962509719E-003   9.3461435906503059E-004   119.99958330966014     
      474000  -4.7621577960269565E-003   5.7002583101042345E-003   9.3810051407727801E-004   119.99995200550454     
      476000  -4.7677731552465945E-003   5.7002343143855751E-003   9.3246115913898052E-004   119.99944685557435     
      478000  -4.7684594994344114E-003   5.7002798759066484E-003   9.3182037647223694E-004   120.00040600164188     
      480000  -4.7620016766393922E-003   5.7002443044214110E-003   9.3824262778201880E-004   119.99965716250354     
      482000  -4.7763766378152864E-003   5.7002773504947150E-003   9.2390071267942856E-004   120.00035283750540     
      484000  -4.7653172552930478E-003   5.7002603233100198E-003   9.3494306801697197E-004   119.99999438684667     
      486000  -4.7784260474746871E-003   5.7002732927126471E-003   9.2184724523796009E-004   120.00026741441982     
      488000  -4.7683857309171679E-003   5.7002713359613046E-003   9.3188560504413667E-004   120.00022622153796     
      490000  -4.7757588934439679E-003   5.7002772418167638E-003   9.2451834837279593E-004   120.00035054965312     
      492000  -4.7637446566969333E-003   5.7002902751909839E-003   9.3654561849405068E-004   120.00062492393509     
      494000  -4.7674187567996202E-003   5.7002766178530281E-003   9.3285786105340787E-004   120.00033741417501     
      496000  -4.7617000234624791E-003   5.7003009751883608E-003   9.3860095172588164E-004   120.00085017673976     
      498000  -4.7554373292628778E-003   5.7002557414868532E-003   9.4481841222397549E-004   119.99989793182127     
      500000  -4.7706098766147724E-003   5.7002728623830922E-003   9.2966298576831977E-004   120.00025835526441     
      502000  -4.7598447412412117E-003   5.7002462911168511E-003   9.4040154987563938E-004   119.99969898575864     
      504000  -4.7776797135156398E-003   5.7002637582428276E-003   9.2258404472718783E-004   120.00006669791568     
      506000  -4.7651810397583184E-003   5.7002506996677166E-003   9.3506965990939814E-004   119.99979179311289     
      508000  -4.7795479282690271E-003   5.7002661239027603E-003   9.2071819563373323E-004   120.00011649900590     
      510000  -4.7622495811291826E-003   5.7002577412994500E-003   9.3800816017026740E-004   119.99994003121441     
      512000  -4.7811561533025191E-003   5.7002601432305016E-003   9.1910398992798258E-004   119.99999059587223     
      514000  -4.7661420129609354E-003   5.7002687636462518E-003   9.3412675068531639E-004   120.00017207001252     
      516000  -4.7763033900193475E-003   5.7002531067102905E-003   9.2394971669094300E-004   119.99984246537679     
      518000  -4.7773559180754755E-003   5.7002703142094904E-003   9.2291439613401485E-004   120.00020471195681     
      520000  -4.7714056303817688E-003   5.7002674157924519E-003   9.2886178541068311E-004   120.00014369544027     
      522000  -4.7778324650770716E-003   5.7002833723320467E-003   9.2245090725497515E-004   120.00047960723258     
      524000  -4.7638700212701435E-003   5.7002701755919996E-003   9.3640015432185607E-004   120.00020179382726     
      526000  -4.7753141432064598E-003   5.7002784763155378E-003   9.2496433310907799E-004   120.00037653791289     
      528000  -4.7547258352782437E-003   5.7002583073424845E-003   9.4553247206424079E-004   119.99995194736509     
      530000  -4.7790548375461640E-003   5.7002591207214676E-003   9.2120428317530364E-004   119.99996907035035     
      532000  -4.7553829573971414E-003   5.7002642086942815E-003   9.4488125129714006E-004   120.00007618067066     
      534000  -4.7765631850689907E-003   5.7002428928598445E-003   9.2367970779085387E-004   119.99962744677646     
      536000  -4.7666921791891075E-003   5.7002624684160648E-003   9.3357028922695737E-004   120.00003954490941     
      538000  -4.7740599282850241E-003   5.7002390386881119E-003   9.2617911040308778E-004   119.99954631002831     
      540000  -4.7701866684702558E-003   5.7002547844306360E-003   9.3006811596038023E-004   119.99987778419042     
      542000  -4.7722605176799557E-003   5.7002328312343942E-003   9.2797231355443849E-004   119.99941563276639     
      544000  -4.7731786898398219E-003   5.7002465832727573E-003   9.2706789343293544E-004   119.99970513612813     
      546000  -4.7670598873370855E-003   5.7002386498891094E-003   9.3317876255202391E-004   119.99953812516034     
      548000  -4.7802247497956349E-003   5.7002500087689131E-003   9.2002525897327825E-004   119.99977724853987     
      550000  -4.7588725500162382E-003   5.7002677137587875E-003   9.4139516374254929E-004   120.00014996812898     
      552000  -4.7771656315977757E-003   5.7002525272848931E-003   9.2308689568711740E-004   119.99983026750502     
      554000  -4.7629973304648340E-003   5.7002742910578271E-003   9.3727696059299308E-004   120.00028843125226     
      556000  -4.7754945693418314E-003   5.7002507820569205E-003   9.2475621271508913E-004   119.99979352754316     
      558000  -4.7659358101742790E-003   5.7002721259407658E-003   9.3433631576648676E-004   120.00024285192421     
      560000  -4.7731658382400306E-003   5.7002479017550789E-003   9.2708206351504834E-004   119.99973289238174     
      562000  -4.7639258088610602E-003   5.7002727172628682E-003   9.3634690840180800E-004   120.00025530024148     
      564000  -4.7625953837663899E-003   5.7002409338044588E-003   9.3764555003806888E-004   119.99958620539064     
      566000  -4.7653721606140328E-003   5.7002639703930234E-003   9.3489180977899058E-004   120.00007116403141     
      568000  -4.7527970362150722E-003   5.7002422999447673E-003   9.4744526372969508E-004   119.99961496492442     
      570000  -4.7661477690749271E-003   5.7002407967825831E-003   9.3409302770765604E-004   119.99958332085144     
      572000  -4.7614786977402341E-003   5.7002425609813381E-003   9.3876386324110404E-004   119.99962046017995     
      574000  -4.7731904296324235E-003   5.7002357359896994E-003   9.2704530635727596E-004   119.99947678271403     
      576000  -4.7673489585428833E-003   5.7002611840419682E-003   9.3291222549908483E-004   120.00001250669087     
      578000  -4.7754899467487687E-003   5.7002439053198978E-003   9.2475395857112910E-004   119.99964876075053     
      580000  -4.7641556626161121E-003   5.7002786302163388E-003   9.3612296760022667E-004   120.00037977778162     
      582000  -4.7681684322810093E-003   5.7002415785545081E-003   9.3207314627349880E-004   119.99959977845536     
      584000  -4.7703725386433809E-003   5.7002820443715638E-003   9.2990950572818289E-004   120.00045165144785     
      586000  -4.7617472300540385E-003   5.7002545662436397E-003   9.3850733618960121E-004   119.99987319098996     
      588000  -4.7742136492318838E-003   5.7002765165188405E-003   9.2606286728695673E-004   120.00033528092121     
      590000  -4.7638689391874744E-003   5.7002731449025444E-003   9.3640420571507003E-004   120.00026430277045     
      592000  -4.7701099289366869E-003   5.7002770479441019E-003   9.3016711900741501E-004   120.00034646830998     
      594000  -4.7579487557400267E-003   5.7002816872595416E-003   9.4233293151951489E-004   120.00044413364370     
      596000  -4.7634465472319570E-003   5.7002637500420221E-003   9.3681720281006513E-004   120.00006652527503     
      598000  -4.7540596774830503E-003   5.7002740810232584E-003   9.4621440354020810E-004   120.00028400967400     
      600000  -4.7610777659926485E-003   5.7002393433200817E-003   9.3916157732743324E-004   119.99955272303974     
      602000  -4.7678825586707366E-003   5.7002740374868322E-003   9.3239147881609558E-004   120.00028309315957     
      604000  -4.7613940643334808E-003   5.7002418839033715E-003   9.3884781956989072E-004   119.99960620655861     
      606000  -4.7772446654907770E-003   5.7002708847756003E-003   9.2302621928482334E-004   120.00021672332579     
      608000  -4.7668808946233271E-003   5.7002513749329379E-003   9.3337048030961087E-004   119.99980600857292     
      610000  -4.7792764102548152E-003   5.7002698928710176E-003   9.2099348261620237E-004   120.00019584207868     
      612000  -4.7664096954855789E-003   5.7002583536047988E-003   9.3384865811921985E-004   119.99995292126403     
      614000  -4.7790600553842093E-003   5.7002725138914478E-003   9.2121245850723850E-004   120.00025101893361     
      616000  -4.7633725931111766E-003   5.7002758519187876E-003   9.3690325880761097E-004   120.00032128998077     
      618000  -4.7748318263183360E-003   5.7002738006387849E-003   9.2544197432044891E-004   120.00027810711283     
      620000  -4.7694357087975751E-003   5.7002973757207800E-003   9.3086166692320487E-004   120.00077440193914     
      622000  -4.7630768169655627E-003   5.7002719864968588E-003   9.3719516953129616E-004   120.00023991639722     
      624000  -4.7709598518132666E-003   5.7002867984652355E-003   9.2932694665196890E-004   120.00055173305492     
      626000  -4.7615368043353538E-003   5.7002579625036135E-003   9.3872115816825974E-004   119.99994468793128     
      628000  -4.7740024347878492E-003   5.7002714789546839E-003   9.2626904416683465E-004   120.00022923178727     
      630000  -4.7608928420377209E-003   5.7002511102582859E-003   9.3935826822056506E-004   119.99980043672971     
      632000  -4.7781317565984060E-003   5.7002677944869209E-003   9.2213603788851486E-004   120.00015166759094     
      634000  -4.7554690918671302E-003   5.7002567282700214E-003   9.4478763640289121E-004   119.99991870525405     
      636000  -4.7800625106076029E-003   5.7002520752107034E-003   9.2018956460310046E-004   119.99982075058875     
      638000  -4.7633662289567804E-003   5.7002630568755031E-003   9.3689682791872272E-004   120.00005193296282     
      640000  -4.7763365051407842E-003   5.7002411178822699E-003   9.2390461274148572E-004   119.99959008053581     
      642000  -4.7730444631667226E-003   5.7002550865512787E-003   9.2721062338455614E-004   119.99988414433423     
      644000  -4.7765909854944524E-003   5.7002475346005698E-003   9.2365654910611748E-004   119.99972516316649     
      646000  -4.7780062398001012E-003   5.7002643209049788E-003   9.2225808110487761E-004   120.00007854289314     
      648000  -4.7703013799936765E-003   5.7002629010721988E-003   9.2996152107852233E-004   120.00004865304319     
      650000  -4.7788353981853635E-003   5.7002759789940051E-003   9.2144058080864157E-004   120.00032396512621     
      652000  -4.7555531228636776E-003   5.7002640492371404E-003   9.4471092637346283E-004   120.00007282383167     
      654000  -4.7790284768376469E-003   5.7002586102613854E-003   9.2123013342373852E-004   119.99995832431358     
      656000  -4.7575986040131442E-003   5.7002692081091965E-003   9.4267060409605231E-004   120.00018142669938     
      658000  -4.7761103705175004E-003   5.7002484584484734E-003   9.2413808793097296E-004   119.99974461170690     
      660000  -4.7652711562212458E-003   5.7002679611638189E-003   9.3499680494257310E-004   120.00015517641785     
      662000  -4.7742751992818893E-003   5.7002463741971160E-003   9.2597117491522666E-004   119.99970073473689     
      664000  -4.7644425030739616E-003   5.7002648709099015E-003   9.3582236783593988E-004   120.00009012141480     
      666000  -4.7681558676234657E-003   5.7002345786677181E-003   9.3207871104425237E-004   119.99945241915458     
      668000  -4.7646667111531657E-003   5.7002524519482248E-003   9.3558574079505904E-004   119.99982868154241     
      670000  -4.7598652996585153E-003   5.7002220917804327E-003   9.4035679212191737E-004   119.99918954933476     
      672000  -4.7736438497264161E-003   5.7002359630201069E-003   9.2659211329369079E-004   119.99948156208306     
      674000  -4.7631670719001555E-003   5.7002497368828257E-003   9.3708266498267016E-004   119.99977152488391     
      676000  -4.7775437546095992E-003   5.7002453370578708E-003   9.2270158244827163E-004   119.99967890122464     
      678000  -4.7670219874345159E-003   5.7002694162159454E-003   9.3324742878142953E-004   120.00018580769381     
      680000  -4.7777957319510541E-003   5.7002514373038649E-003   9.2245570535281086E-004   119.99980732158504     
      682000  -4.7646431493140748E-003   5.7002746226425781E-003   9.3563147332850326E-004   120.00029541166472     
      684000  -4.7737224333091900E-003   5.7002464802384930E-003   9.2652404692930308E-004   119.99970296708489     
      686000  -4.7641212935281051E-003   5.7002812295374964E-003   9.3615993600939130E-004   120.00043449783064     
      688000  -4.7619449432849594E-003   5.7002464168535187E-003   9.3830147356855926E-004   119.99970163272538     
      690000  -4.7682597729392252E-003   5.7002764949957568E-003   9.3201672205653167E-004   120.00033482782437     
      692000  -4.7561372296720849E-003   5.7002633466597006E-003   9.4412611698761577E-004   120.00005803340386     
      694000  -4.7649914729057143E-003   5.7002631382839100E-003   9.3527166537819579E-004   120.00005364674567     
      696000  -4.7563256901246766E-003   5.7002538430755536E-003   9.4392815295087692E-004   119.99985796709467     
      698000  -4.7666424357897270E-003   5.7002435182371075E-003   9.3360108244738057E-004   119.99964061201170     
      700000  -4.7597975145550302E-003   5.7002520901340559E-003   9.4045457557902570E-004   119.99982106475024     
      702000  -4.7704407990709959E-003   5.7002373458374320E-003   9.2979654676643604E-004   119.99951067269588     
      704000  -4.7638010393281690E-003   5.7002759809526701E-003   9.3647494162450110E-004   120.00032400635938     
      706000  -4.7649475970628786E-003   5.7002386104967554E-003   9.3529101343387683E-004   119.99953729588553     
      708000  -4.7740715563804933E-003   5.7002777400115973E-003   9.2620618363110398E-004   120.00036103748593     
      710000  -4.7651326841163678E-003   5.7002512620198849E-003   9.3511857790351711E-004   119.99980363156469     
      712000  -4.7777337572116902E-003   5.7002741543426515E-003   9.2254039713096127E-004   120.00028555316960     
      714000  -4.7675513643103320E-003   5.7002629794621279E-003   9.3271161515179595E-004   120.00005030328205     
      716000  -4.7753589833322199E-003   5.7002797539635721E-003   9.2492077063135222E-004   120.00040343453658     
      718000  -4.7615550981846971E-003   5.7002835244784819E-003   9.3872842629378478E-004   120.00048281016899     
      720000  -4.7683283378760063E-003   5.7002809408355339E-003   9.3195260295952757E-004   120.00042842017245     
      722000  -4.7563750575649148E-003   5.7002984270841522E-003   9.4392336951923742E-004   120.00079653489301     
      724000  -4.7592626305393362E-003   5.7002572117490690E-003   9.4099458120973280E-004   119.99992888329500     
      726000  -4.7672994966955623E-003   5.7002781377652389E-003   9.3297864106967662E-004   120.00036941086400     
      728000  -4.7616483632662004E-003   5.7002471152075166E-003   9.3859875194131619E-004   119.99971633424269     
      730000  -4.7754564121691399E-003   5.7002687550889615E-003   9.2481234291982156E-004   120.00017188986727     
      732000  -4.7653739849293220E-003   5.7002488215200462E-003   9.3487483659072425E-004   119.99975225496952     
      734000  -4.7776202665115166E-003   5.7002691098923513E-003   9.2264884338083466E-004   120.00017935907086     
      736000  -4.7607266879975720E-003   5.7002521028203463E-003   9.3952541482277430E-004   119.99982133181781     
      738000  -4.7803514345579976E-003   5.7002643959942869E-003   9.1991296143628925E-004   120.00008012364840     
      740000  -4.7607412510834741E-003   5.7002641615297054E-003   9.3952291044623135E-004   120.00007518777761     
      742000  -4.7785172929150728E-003   5.7002560878927269E-003   9.2173879497765409E-004   119.99990522424311     
      744000  -4.7736497901677720E-003   5.7002729592604516E-003   9.2662316909267965E-004   120.00026039469454     
      746000  -4.7733375439082525E-003   5.7002685190130986E-003   9.2693097510484612E-004   120.00016692007632     
      748000  -4.7757321669245579E-003   5.7002860900517453E-003   9.2455392312718737E-004   120.00053681976850     
      750000  -4.7667203520842224E-003   5.7002687649746623E-003   9.3354841289043991E-004   120.00017209797778     
      752000  -4.7743366497335913E-003   5.7002822556261575E-003   9.2594560589256622E-004   120.00045609870966     
      754000  -4.7584308120600148E-003   5.7002566670379768E-003   9.4182585497796199E-004   119.99991741621730     
      756000  -4.7789118784512426E-003   5.7002678579601337E-003   9.2135597950889110E-004   120.00015300380801     
      758000  -4.7535925660016892E-003   5.7002623494768739E-003   9.4666978347518471E-004   120.00003704104091     
      760000  -4.7779910901303759E-003   5.7002491980933361E-003   9.2225810796296021E-004   119.99976018246583     
      762000  -4.7626812424972249E-003   5.7002647836005196E-003   9.3758354110329463E-004   120.00008828340657     
      764000  -4.7748054008057228E-003   5.7002419900445004E-003   9.2543658923877753E-004   119.99960844100653     
      766000  -4.7668474568712815E-003   5.7002564012399691E-003   9.3340894436868757E-004   119.99991182072559     
      768000  -4.7737470149991981E-003   5.7002334704049952E-003   9.2648645540579708E-004   119.99942908837441     
      770000  -4.7706138762243274E-003   5.7002491453186132E-003   9.2963526909428575E-004   119.99975907146982     
      772000  -4.7704187768243611E-003   5.7002375502025800E-003   9.2981877337821889E-004   119.99951497492336     
      774000  -4.7791499314026042E-003   5.7002553670962505E-003   9.2110543569364628E-004   119.99989005027416     
      776000  -4.7600175308526310E-003   5.7002598395593310E-003   9.4024230870669995E-004   119.99998420308721     
      778000  -4.7791209379200250E-003   5.7002541788589859E-003   9.2113324093896082E-004   119.99986503589639     
      780000  -4.7629441410047650E-003   5.7002703881986940E-003   9.3732624719392900E-004   120.00020626955305     
      782000  -4.7777536943301915E-003   5.7002528302143567E-003   9.2249913588416527E-004   119.99983664467587     
      784000  -4.7655281002531987E-003   5.7002721762885707E-003   9.3474407603537195E-004   120.00024391182954     
      786000  -4.7754582740118078E-003   5.7002506830788708E-003   9.2479240906706301E-004   119.99979144389000     
      788000  -4.7617577014138664E-003   5.7002750250810304E-003   9.3851732366716407E-004   120.00030388366588     
      790000  -4.7657582754242131E-003   5.7002417555073832E-003   9.3448348008317011E-004   119.99960350360874     
      792000  -4.7623686767360573E-003   5.7002685001629316E-003   9.3789982342687428E-004   120.00016652324884     
      794000  -4.7535203270212146E-003   5.7002347317735586E-003   9.4671440475234403E-004   119.99945564228808     
      796000  -4.7662252915846286E-003   5.7002429820909748E-003   9.3401769050634621E-004   119.99962932524070     
      798000  -4.7607819092663831E-003   5.7002373282264160E-003   9.3945541896003296E-004   119.99951030195460     
      800000  -4.7737359218323321E-003   5.7002384657535233E-003   9.2650254392119113E-004   119.99953424879891     
      802000  -4.7665736253063437E-003   5.7002563273404472E-003   9.3368270203410351E-004   119.99991026501729     
      804000  -4.7766247728161047E-003   5.7002448816295967E-003   9.2362010881349207E-004   119.99966931369930     
      806000  -4.7630858153554926E-003   5.7002732724215520E-003   9.3718745706605940E-004   120.00026698725840     
      808000  -4.7712784300029268E-003   5.7002405583030866E-003   9.2896212830015975E-004   119.99957830045999     
      810000  -4.7680818503767911E-003   5.7002828950010577E-003   9.3220104462426664E-004   120.00046955861852     
      812000  -4.7629614706071501E-003   5.7002482184377789E-003   9.3728674783062887E-004   119.99973955908116     
      814000  -4.7736021091030192E-003   5.7002791964951378E-003   9.2667708739211860E-004   120.00039169889554     
      816000  -4.7636017512724801E-003   5.7002687498395347E-003   9.3666699856705463E-004   120.00017177935808     
      818000  -4.7697025930090453E-003   5.7002798805811158E-003   9.3057728757207046E-004   120.00040610004723     
      820000  -4.7573640208611653E-003   5.7002767318337158E-003   9.4291271097255054E-004   120.00033981365873     
      822000  -4.7639118718899864E-003   5.7002654723917719E-003   9.3635360050178546E-004   120.00010278361212     
      824000  -4.7526310554090534E-003   5.7002683735608390E-003   9.4763731815178560E-004   120.00016385806347     
      826000  -4.7641213439375430E-003   5.7002429661302976E-003   9.3612162219275461E-004   119.99962898924180     
      828000  -4.7643513868707368E-003   5.7002752769448632E-003   9.3592389007412635E-004   120.00030918581996     
      830000  -4.7626602578267748E-003   5.7002411210484126E-003   9.3758086322163776E-004   119.99959014718840     
      832000  -4.7753763256883014E-003   5.7002718356388947E-003   9.2489550995059327E-004   120.00023674058527     
      834000  -4.7664777864619198E-003   5.7002480164413507E-003   9.3377022997943090E-004   119.99973530671919     
      836000  -4.7782071488425368E-003   5.7002700770060165E-003   9.2206292816347964E-004   120.00019971842777     
      838000  -4.7659267378970440E-003   5.7002530113119858E-003   9.3432627341494181E-004   119.99984045708324     
      840000  -4.7782377793565102E-003   5.7002734099482217E-003   9.2203563059171153E-004   120.00026988242436     
      842000  -4.7616449186696150E-003   5.7002696292223192E-003   9.3862471055270423E-004   120.00019029183352     
      844000  -4.7759828580080585E-003   5.7002778570321658E-003   9.2429499902410735E-004   120.00036350096423     
      846000  -4.7656797569890341E-003   5.7002978046407846E-003   9.3461804765175051E-004   120.00078343142117     
      848000  -4.7651369712485726E-003   5.7002724365586800E-003   9.3513546531010742E-004   120.00024939094978     
      850000  -4.7697264391085995E-003   5.7002883609247462E-003   9.3056192181614674E-004   120.00058462543559     
      852000  -4.7639363983169817E-003   5.7002585407498673E-003   9.3632214243288565E-004   119.99995686098009     
      854000  -4.7735790102742762E-003   5.7002751642058827E-003   9.2669615393160647E-004   120.00030681247624     
      856000  -4.7631137955371260E-003   5.7002522301734665E-003   9.3713843463634049E-004   119.99982401281358     
      858000  -4.7768551134945618E-003   5.7002719621332409E-003   9.2341684863867911E-004   120.00023940350239     
      860000  -4.7551244977886327E-003   5.7002539318580210E-003   9.4512943406938835E-004   119.99985983611381     
      862000  -4.7800002946354371E-003   5.7002569050725923E-003   9.2025661043715519E-004   119.99992242724326     
      864000  -4.7589607212826703E-003   5.7002617283782508E-003   9.4130100709558049E-004   120.00002396587820     
      866000  -4.7770647013428815E-003   5.7002417757609026E-003   9.2317707441802108E-004   119.99960392997913     
      868000  -4.7705398161187688E-003   5.7002547855823484E-003   9.2971496946357961E-004   119.99987780843590     
      870000  -4.7777989192380327E-003   5.7002482027256598E-003   9.2244928348762713E-004   119.99973922831484     
      872000  -4.7765250980702440E-003   5.7002659532479003E-003   9.2374085517765627E-004   120.00011290643624     
      874000  -4.7726254976796240E-003   5.7002627369941569E-003   9.2763723931453285E-004   120.00004519892654     
      876000  -4.7775317960678521E-003   5.7002779242935420E-003   9.2274612822568994E-004   120.00036491692846     
      878000  -4.7590242057995464E-003   5.7002598263773173E-003   9.4123562057777093E-004   119.99998392558382     
      880000  -4.7801252810841426E-003   5.7002630812489387E-003   9.2013780016479609E-004   120.00005244606432     
      882000  -4.7571804128356491E-003   5.7002676627593259E-003   9.4308724992367681E-004   120.00014889450519     
      884000  -4.7773710280418881E-003   5.7002517559207010E-003   9.2288072787881283E-004   119.99981402900126     
      886000  -4.7638626069613039E-003   5.7002694104293303E-003   9.3640680346802636E-004   120.00018568587591     
      888000  -4.7750560978639675E-003   5.7002497243009475E-003   9.2519362643697992E-004   119.99977126001437     
      890000  -4.7624700279821960E-003   5.7002668456514740E-003   9.3779681766927806E-004   120.00013169302103     
      892000  -4.7694493865406400E-003   5.7002366889963470E-003   9.3078730245570694E-004   119.99949684509467     
      894000  -4.7620038113948774E-003   5.7002539051863301E-003   9.3825009379145275E-004   119.99985927463020     
      896000  -4.7626271395202627E-003   5.7002192491015270E-003   9.3759210958126431E-004   119.99912970619894     
      898000  -4.7733398529702471E-003   5.7002397091203225E-003   9.2689985615007544E-004   119.99956042374539     
      900000  -4.7630860711264430E-003   5.7002448735419889E-003   9.3715880241554590E-004   119.99966914344165     
      902000  -4.7779766785492955E-003   5.7002460573191190E-003   9.2226937876982353E-004   119.99969406392614     
      904000  -4.7671019453835017E-003   5.7002644179273291E-003   9.3316247254382739E-004   120.00008058537554     
      906000  -4.7788711831327751E-003   5.7002510913547995E-003   9.2137990822202444E-004   119.99980003877977     
      908000  -4.7652749625211981E-003   5.7002717070342834E-003   9.3499674451308530E-004   120.00023403324354     
      910000  -4.7756916857692906E-003   5.7002476338078346E-003   9.2455594803854402E-004   119.99972725164500     
      912000  -4.7624769215442687E-003   5.7002813696877229E-003   9.3780444814345418E-004   120.00043744822685     
      914000  -4.7645763216021151E-003   5.7002449016997853E-003   9.3566858009767016E-004   119.99966973621027     
      916000  -4.7664089197305207E-003   5.7002808072642470E-003   9.3387188753372638E-004   120.00042560827391     
      918000  -4.7557613796365703E-003   5.7002595956771413E-003   9.4449821604057106E-004   119.99997906896004     
      920000  -4.7643729478824099E-003   5.7002647254739891E-003   9.3589177759157913E-004   120.00008705974608     
      922000  -4.7562770050399005E-003   5.7002497904742981E-003   9.4397278543439760E-004   119.99977265307386     
      924000  -4.7673009937694803E-003   5.7002456567553459E-003   9.3294466298586565E-004   119.99968563139012     
      926000  -4.7600683107331962E-003   5.7002492389626874E-003   9.4018092822949120E-004   119.99976104283390     
      928000  -4.7717226737962349E-003   5.7002409616977046E-003   9.2851828790146973E-004   119.99958679259002     
      930000  -4.7617346694501647E-003   5.7002723694994989E-003   9.3853770004933418E-004   120.00024797924208     
      932000  -4.7668927174273493E-003   5.7002378339236588E-003   9.3334511649630948E-004   119.99952094772564     
      934000  -4.7721992898465109E-003   5.7002781905830273E-003   9.2807890073651634E-004   120.00037052276660     
      936000  -4.7648320407687079E-003   5.7002470210911049E-003   9.3541498032239691E-004   119.99971435293513     
      938000  -4.7771125638576915E-003   5.7002742224872855E-003   9.2316165862959404E-004   120.00028698772790     
      940000  -4.7676669671564160E-003   5.7002584968323684E-003   9.3259152967595238E-004   119.99995593644344     
      942000  -4.7751510487679229E-003   5.7002813432383550E-003   9.2513029447043212E-004   120.00043689142350     
      944000  -4.7617116846401814E-003   5.7002795660942599E-003   9.3856788145407852E-004   120.00039947957399     
      946000  -4.7684040315468237E-003   5.7002835373163264E-003   9.3187950576950271E-004   120.00048308042705     
      948000  -4.7541965531444300E-003   5.7002938179204418E-003   9.4609726477601179E-004   120.00069950430353     
      950000  -4.7620261151174494E-003   5.7002589989134560E-003   9.3823288379600665E-004   119.99996650608838     
      952000  -4.7655046220405582E-003   5.7002807274438910E-003   9.3477610540333277E-004   120.00042392792218     
      954000  -4.7629523802893052E-003   5.7002489264473526E-003   9.3729654615804740E-004   119.99975446386446     
      956000  -4.7742746598371201E-003   5.7002713462555102E-003   9.2599668641839012E-004   120.00022643824816     
      958000  -4.7658603912789895E-003   5.7002491006537927E-003   9.3438870937480323E-004   119.99975813120081     
      960000  -4.7764552750508898E-003   5.7002705634419427E-003   9.2381528839105293E-004   120.00020995871594     
      962000  -4.7607990335336373E-003   5.7002495812932766E-003   9.3945054775963939E-004   119.99976824946420     
      964000  -4.7791185590574520E-003   5.7002665115064837E-003   9.2114795244903173E-004   120.00012465871124     
      966000  -4.7580347575908576E-003   5.7002587579316919E-003   9.4222400034083432E-004   119.99996143302002     
      968000  -4.7797538691698579E-003   5.7002585684523361E-003   9.2050469928247822E-004   119.99995744416330     
      970000  -4.7711386515694645E-003   5.7002735388254457E-003   9.2913488725598122E-004   120.00027259550504     
      972000  -4.7744699725038768E-003   5.7002696836090478E-003   9.2579971110517099E-004   120.00019143676494     
      974000  -4.7746207151308749E-003   5.7002861913895073E-003   9.2566547625863235E-004   120.00053895309755     
      976000  -4.7690047762053711E-003   5.7002681152233201E-003   9.3126333901794901E-004   120.00015841962750     
      978000  -4.7741108318353886E-003   5.7002829813310486E-003   9.2617214949566005E-004   120.00047137600892     
      980000  -4.7621239494289088E-003   5.7002570301908900E-003   9.3813308076198115E-004   119.99992506119227     
      982000  -4.7783579038515349E-003   5.7002727281933027E-003   9.2191482434176783E-004   120.00025553034536     
      984000  -4.7535838109390230E-003   5.7002603203337989E-003   9.4667650939477595E-004   119.99999432419224     
      986000  -4.7786182240163698E-003   5.7002536279418120E-003   9.2163540392544221E-004   119.99985343817032     
      988000  -4.7595875091905066E-003   5.7002656318489347E-003   9.4067812265842803E-004   120.00010614045156     
      990000  -4.7746643802103143E-003   5.7002437547734744E-003   9.2557937456316016E-004   119.99964559149703     
      992000  -4.7644185101246017E-003   5.7002559126401522E-003   9.3583740251555053E-004   119.99990153488389     
      994000  -4.7745657495876347E-003   5.7002338247592660E-003   9.2566807517163122E-004   119.99943654812328     
      996000  -4.7690960928380459E-003   5.7002497102992900E-003   9.3115361746124413E-004   119.99977096525610     
      998000  -4.7732073522123251E-003   5.7002387610319127E-003   9.2703140881958759E-004   119.99954046490187     
     1000000  -4.7777231557897815E-003   5.7002587507940768E-003   9.2253559500429533E-004   119.99996128276130     
