 #step, Pot, Kin, Tot, temp
        2000  -1.7229569802249153E-002   4.8480723493221608E-003  -1.2381497452926993E-002   102.06001510609346     
        4000  -3.6021768977356145E-003   4.8714404560977137E-003   1.2692635583620993E-003   102.55195275856005     
        6000  -2.0523214570426933E-002   4.8453293105762884E-003  -1.5677885259850644E-002   102.00226956195374     
        8000  -1.9599537270346298E-002   4.8435298720126236E-003  -1.4756007398333673E-002   101.96438837665835     
       10000  -1.6569577674459116E-002   4.8484924853092731E-003  -1.1721085189149843E-002   102.06885966989154     
       12000  -1.9332444818529335E-002   4.8429854320263784E-003  -1.4489459386502958E-002   101.95292700619669     
       14000  -1.6692860489237297E-002   4.8452622932481986E-003  -1.1847598195989097E-002   102.00085873533558     
       16000  -2.0280310779688535E-002   4.8482254304495799E-003  -1.5432085349238955E-002   102.06323771934078     
       18000  -2.3196870080261084E-002   4.8462366821203379E-003  -1.8350633398140748E-002   102.02137124749387     
       20000  -2.3061210106083724E-002   4.8603295185603388E-003  -1.8200880587523387E-002   102.31804897759319     
       22000  -2.8737979695139533E-002   4.8454387122720301E-003  -2.3892540982867503E-002   102.00457265025679     
       24000  -3.1302530703483746E-002   4.8460002638150632E-003  -2.6456530439668682E-002   102.01639424755056     
       26000  -3.1360382222725615E-002   4.8447572417828957E-003  -2.6515624980942717E-002   101.99022655898503     
       28000  -2.8925324970795339E-002   4.8465395983350867E-003  -2.4078785372460252E-002   102.02774813942649     
       30000  -3.3014362889153152E-002   4.8475523313710892E-003  -2.8166810557782064E-002   102.04906786023621     
       32000  -2.9829223372298985E-002   4.8453948443371196E-003  -2.4983828527961865E-002   102.00364915700482     
       34000  -3.0138181130473472E-002   4.8524598551093045E-003  -2.5285721275364166E-002   102.15237942631170     
       36000  -2.6960101467064072E-002   4.8470600698320042E-003  -2.2113041397232067E-002   102.03870493318084     
       38000  -2.6224317446724158E-002   4.8405411229665409E-003  -2.1383776323757618E-002   101.90147022057222     
       40000  -2.6684911592303226E-002   4.8409801554329520E-003  -2.1843931436870273E-002   101.91071258680057     
       42000  -2.3884297599033936E-002   4.8478098415819706E-003  -1.9036487757451967E-002   102.05448887999805     
       44000  -2.5309050594947667E-002   4.8478021411516650E-003  -2.0461248453796002E-002   102.05432677308696     
       46000  -2.9241899729546220E-002   4.8471731309040417E-003  -2.4394726598642179E-002   102.04108505746295     
       48000  -2.7466457020116932E-002   4.8561723171102657E-003  -2.2610284703006668E-002   102.23053294808244     
       50000  -2.9170375468077620E-002   4.8447301753019832E-003  -2.4325645292775637E-002   101.98965676438385     
       52000  -2.8514432546000144E-002   4.8481562800431590E-003  -2.3666276265956986E-002   102.06178198786331     
       54000  -2.6223327250998740E-002   4.8457956516830486E-003  -2.1377531599315693E-002   102.01208682064362     
       56000  -2.7923129916196138E-002   4.8491970432832203E-003  -2.3073932872912917E-002   102.08369179125503     
       58000  -2.7852728763489390E-002   4.8479165741553195E-003  -2.3004812189334069E-002   102.05673577881956     
       60000  -2.8152706860392087E-002   4.8485306615594671E-003  -2.3304176198832620E-002   102.06966334367996     
       62000  -3.2177914508614722E-002   4.8452362371254973E-003  -2.7332678271489226E-002   102.00031021046118     
       64000  -3.1944638439899378E-002   4.8457508421678461E-003  -2.7098887597731533E-002   102.01114350555487     
       66000  -3.2872436294839401E-002   4.8449145823820684E-003  -2.8027521712457332E-002   101.99353884122246     
       68000  -3.1977829929240260E-002   4.8439854226613767E-003  -2.7133844506578884E-002   101.97397847819630     
       70000  -2.9743055806033411E-002   4.8464653804471576E-003  -2.4896590425586253E-002   102.02618572900489     
       72000  -3.2875766942611212E-002   4.8440682009416279E-003  -2.8031698741669584E-002   101.97572109916484     
       74000  -3.3423843017933164E-002   4.8450178259046442E-003  -2.8578825192028520E-002   101.99571228970144     
       76000  -3.5632214098472989E-002   4.8467572349256563E-003  -3.0785456863547334E-002   102.03232975292578     
       78000  -3.6107671410405121E-002   4.8514078886092021E-003  -3.1256263521795918E-002   102.13023377559620     
       80000  -3.2760437293474720E-002   4.8449895785202986E-003  -2.7915447714954422E-002   101.99511763511190     
       82000  -3.4226177317100696E-002   4.8510093906592540E-003  -2.9375167926441442E-002   102.12184472859752     
       84000  -3.3471304590571745E-002   4.8471179065031605E-003  -2.8624186684068582E-002   102.03992249164666     
       86000  -3.0923527311732712E-002   4.8497717770361855E-003  -2.6073755534696527E-002   102.09579089607097     
       88000  -3.3044377306457533E-002   4.8410760118268075E-003  -2.8203301294630726E-002   101.91273052388979     
       90000  -3.2258169592648704E-002   4.8450350231496377E-003  -2.7413134569499065E-002   101.99607432041331     
       92000  -3.2026136726707746E-002   4.8470809721770942E-003  -2.7179055754530654E-002   102.03914496243409     
       94000  -3.0742265781966403E-002   4.8488864752722575E-003  -2.5893379306694143E-002   102.07715381624013     
       96000  -3.0765718822182049E-002   4.8450139906367172E-003  -2.5920704831545332E-002   101.99563155090995     
       98000  -3.2343675989227584E-002   4.8422402850272382E-003  -2.7501435704200345E-002   101.93724041810377     
      100000  -2.8242939518691581E-002   4.8444168216847765E-003  -2.3398522697006804E-002   101.98306014770792     
      102000  -2.6839963072428339E-002   4.8450181112222029E-003  -2.1994944961206138E-002   101.99571829611230     
      104000  -2.8585715238193723E-002   4.8444427344521016E-003  -2.3741272503741622E-002   101.98360565471236     
      106000  -3.1402797144737690E-002   4.8424652372102165E-003  -2.6560331907527473E-002   101.94197603703407     
      108000  -3.2368478578378428E-002   4.8431938567117935E-003  -2.7525284721666633E-002   101.95731469371643     
      110000  -3.0931439653154875E-002   4.8455942980294943E-003  -2.6085845355125380E-002   102.00784799014714     
      112000  -2.7983044771671458E-002   4.8432744214532246E-003  -2.3139770350218233E-002   101.95901071599808     
      114000  -2.7711074062695160E-002   4.8425601553442488E-003  -2.2868513907350910E-002   101.94397422218790     
      116000  -2.7780149620256073E-002   4.8441367300524002E-003  -2.2936012890203673E-002   101.97716375133186     
      118000  -2.5215855578792839E-002   4.8438308781196104E-003  -2.0372024700673230E-002   101.97072505763433     
      120000  -2.6063036881572063E-002   4.8469916255542015E-003  -2.1216045256017863E-002   102.03726406688942     
      122000  -2.7315062579024590E-002   4.8451223548138063E-003  -2.2469940224210783E-002   101.99791279771358     
      124000  -2.8143633016640131E-002   4.8451043009057407E-003  -2.3298528715734391E-002   101.99753273281415     
      126000  -2.7899137275444234E-002   4.8469397486650958E-003  -2.3052197526779138E-002   102.03617197178352     
      128000  -2.9374438352065359E-002   4.8460685812083369E-003  -2.4528369770857022E-002   102.01783244271085     
      130000  -2.8160756652907168E-002   4.8429557161676854E-003  -2.3317800936739484E-002   101.95230143777101     
      132000  -2.5612222391074614E-002   4.8445489120319055E-003  -2.0767673479042709E-002   101.98584086999340     
      134000  -2.2970154220290789E-002   4.8413674568079986E-003  -1.8128786763482792E-002   101.91886592720883     
      136000  -2.2976189336546125E-002   4.8455199384327494E-003  -1.8130669398113378E-002   102.00628259651846     
      138000  -2.7800810671376550E-002   4.8465241603301351E-003  -2.2954286511046414E-002   102.02742314365393     
      140000  -2.8919431360088493E-002   4.8452883889946383E-003  -2.4074142971093854E-002   102.00140809435581     
      142000  -2.7373486138971656E-002   4.8482086469646395E-003  -2.2525277492007015E-002   102.06288439896865     
      144000  -2.9134916496425002E-002   4.8445427179515908E-003  -2.4290373778473411E-002   101.98571047426393     
      146000  -3.1086309312645655E-002   4.8467446892172935E-003  -2.6239564623428361E-002   102.03206564482409     
      148000  -3.2068648463304594E-002   4.8438010029963003E-003  -2.7224847460308295E-002   101.97009613642263     
      150000  -2.9733611502660601E-002   4.8440718626180787E-003  -2.4889539640042521E-002   101.97579818356601     
      152000  -3.1453706381774138E-002   4.8477573261026538E-003  -2.6605949055671485E-002   102.05338334150230     
      154000  -3.4847694503947840E-002   4.8431108624741835E-003  -3.0004583641473657E-002   101.95556752648503     
      156000  -3.2375588870491974E-002   4.8489537818927559E-003  -2.7526635088599219E-002   102.07857073294637     
      158000  -3.1717635000208404E-002   4.8422033777575490E-003  -2.6875431622450853E-002   101.93646345847309     
      160000  -3.0872393344298487E-002   4.8427594152836472E-003  -2.6029633929014841E-002   101.94816897650668     
      162000  -3.0099512228017662E-002   4.8424235220909575E-003  -2.5257088705926703E-002   101.94109786414494     
      164000  -2.7928036422099477E-002   4.8447195105633207E-003  -2.3083316911536155E-002   101.98943225383397     
      166000  -2.5860467178721081E-002   4.8445722658851465E-003  -2.1015894912835936E-002   101.98633250758516     
      168000  -2.5494715518263791E-002   4.8492069853147742E-003  -2.0645508532949018E-002   102.08390108761398     
      170000  -2.5041095785106601E-002   4.8456691405235203E-003  -2.0195426644583080E-002   102.00942354956963     
      172000  -2.3748648402352947E-002   4.8543754171280571E-003  -1.8894272985224891E-002   102.19270520416397     
      174000  -2.4076886719256219E-002   4.8440435139334350E-003  -1.9232843205322786E-002   101.97520139643609     
      176000  -2.1122503335659834E-002   4.8487077742457212E-003  -1.6273795561414114E-002   102.07339186135299     
      178000  -2.0481360863924401E-002   4.8447240103732473E-003  -1.5636636853551156E-002   101.98952698234378     
      180000  -2.3017916027142142E-002   4.8475575008524764E-003  -1.8170358526289666E-002   102.04917668644804     
      182000  -2.5262150339373114E-002   4.8446163674018636E-003  -2.0417533971971248E-002   101.98726091812405     
      184000  -2.4314546360931607E-002   4.8523443139290067E-003  -1.9462202047002601E-002   102.14994709161104     
      186000  -2.4322531944921247E-002   4.8474417468839332E-003  -1.9475090198037313E-002   102.04673987219964     
      188000  -2.4221062068672677E-002   4.8436643959320616E-003  -1.9377397672740614E-002   101.96722032970293     
      190000  -2.3484152132756390E-002   4.8445501574878713E-003  -1.8639601975268517E-002   101.98586708892033     
      192000  -2.3808606033561601E-002   4.8464664242679886E-003  -1.8962139609293611E-002   102.02620770317569     
      194000  -2.4046323872526629E-002   4.8450805615189120E-003  -1.9201243311007716E-002   101.99703297909684     
      196000  -2.4378719396962078E-002   4.8466567485183319E-003  -1.9532062648443746E-002   102.03021434632485     
      198000  -2.2125928309816058E-002   4.8493618209779071E-003  -1.7276566488838151E-002   102.08716063676664     
      200000  -2.2182668624630652E-002   4.8437046805125967E-003  -1.7338963944118053E-002   101.96806838736414     
      202000  -2.3501192320300138E-002   4.8449330516799512E-003  -1.8656259268620187E-002   101.99392765077089     
      204000  -2.5071086640294438E-002   4.8457864733115388E-003  -2.0225300166982901E-002   102.01189360060327     
      206000  -2.5447224731634296E-002   4.8440687177428755E-003  -2.0603156013891420E-002   101.97573197869372     
      208000  -2.5226220429367022E-002   4.8438470313653019E-003  -2.0382373398001721E-002   101.97106511041831     
      210000  -2.5777100114503872E-002   4.8427250325264546E-003  -2.0934375081977416E-002   101.94744516207784     
      212000  -2.8703551012095301E-002   4.8433109810168892E-003  -2.3860240031078412E-002   101.95978035583656     
      214000  -2.7906204489906866E-002   4.8422486662286152E-003  -2.3063955823678251E-002   101.93741685638221     
      216000  -2.4338871489383122E-002   4.8456397063582190E-003  -1.9493231783024902E-002   102.00880391126005     
      218000  -2.3362638274652951E-002   4.8447455756727336E-003  -1.8517892698980219E-002   101.98998096789366     
      220000  -2.1748337416345083E-002   4.8452202444433891E-003  -1.6903117171901693E-002   101.99997353780863     
      222000  -2.1804293014463516E-002   4.8465864709223991E-003  -1.6957706543541118E-002   102.02873488562672     
      224000  -2.3593976733715858E-002   4.8477366333921504E-003  -1.8746240100323708E-002   102.05294772540699     
      226000  -2.2638376420424780E-002   4.8447418957190550E-003  -1.7793634524705726E-002   101.98990349872633     
      228000  -2.4453310458965705E-002   4.8475140073563064E-003  -1.9605796451609397E-002   102.04826107575656     
      230000  -2.5987033811958424E-002   4.8415897573169655E-003  -2.1145444054641457E-002   101.92354572397515     
      232000  -2.4756411562814103E-002   4.8449467977019533E-003  -1.9911464765112151E-002   101.99421702747819     
      234000  -2.3564220030397046E-002   4.8440472001882824E-003  -1.8720172830208763E-002   101.97527899825354     
      236000  -2.2380771397481417E-002   4.8449665334311370E-003  -1.7535804864050278E-002   101.99463249751936     
      238000  -2.1627271534730815E-002   4.8439782261134262E-003  -1.6783293308617390E-002   101.97382697884984     
      240000  -2.1530773648713513E-002   4.8456286064452198E-003  -1.6685145042268291E-002   102.00857023956401     
      242000  -2.1872907629867922E-002   4.8441450210448883E-003  -1.7028762608823033E-002   101.97733829056263     
      244000  -2.1033239864415586E-002   4.8455186219881156E-003  -1.6187721242427469E-002   102.00625488316157     
      246000  -2.1465743809186054E-002   4.8439253965934532E-003  -1.6621818412592602E-002   101.97271482927410     
      248000  -2.0223724710258951E-002   4.8445924299167775E-003  -1.5379132280342173E-002   101.98675699410776     
      250000  -1.9172568978972508E-002   4.8455014882679281E-003  -1.4327067490704580E-002   102.00589418975289     
      252000  -2.0423541719243276E-002   4.8464498304555377E-003  -1.5577091888787739E-002   102.02585837572606     
      254000  -2.1007534429234472E-002   4.8451152703533288E-003  -1.6162419158881142E-002   101.99776365799552     
      256000  -2.2218060132244973E-002   4.8468798051993908E-003  -1.7371180327045582E-002   102.03491006177588     
      258000  -2.2290448132402066E-002   4.8443712617663838E-003  -1.7446076870635683E-002   101.98210103537949     
      260000  -2.0594806050524696E-002   4.8461516448459769E-003  -1.5748654405678721E-002   102.01958107092872     
      262000  -1.9591006773359555E-002   4.8450961702211871E-003  -1.4745910603138367E-002   101.99736156833298     
      264000  -1.8149341167688807E-002   4.8449475720237882E-003  -1.3304393595665018E-002   101.99423332824527     
      266000  -1.8260248623660099E-002   4.8455918057940129E-003  -1.3414656817866086E-002   102.00779552443035     
      268000  -1.8077713465023740E-002   4.8452451919691513E-003  -1.3232468273054590E-002   102.00049872486706     
      270000  -1.7505044989127288E-002   4.8453415827632859E-003  -1.2659703406364003E-002   102.00252791197414     
      272000  -1.8832160266123336E-002   4.8450674703831992E-003  -1.3987092795740137E-002   101.99675738883904     
      274000  -1.8906447890248611E-002   4.8446417878491412E-003  -1.4061806102399470E-002   101.98779606096974     
      276000  -1.8748705055821994E-002   4.8458660788227833E-003  -1.3902838976999211E-002   102.01356942948838     
      278000  -1.8703314117786571E-002   4.8457579744276003E-003  -1.3857556143358971E-002   102.01129365152750     
      280000  -1.7853465205384139E-002   4.8445108145838203E-003  -1.3008954390800319E-002   101.98503885512091     
      282000  -1.7033370411975987E-002   4.8449768227964820E-003  -1.2188393589179506E-002   101.99484910583435     
      284000  -1.7577896284287527E-002   4.8461625351834004E-003  -1.2731733749104126E-002   102.01981033070908     
      286000  -1.7964650287431459E-002   4.8451606694802033E-003  -1.3119489617951256E-002   101.99871938539411     
      288000  -1.6075504716381986E-002   4.8447889961218812E-003  -1.1230715720260104E-002   101.99089504082339     
      290000  -1.4798090245307005E-002   4.8449473419301097E-003  -9.9531429033768958E-003   101.99422848438927     
      292000  -1.5583945215586880E-002   4.8455988437135647E-003  -1.0738346371873316E-002   102.00794368438424     
      294000  -1.6338950921917363E-002   4.8451708814673915E-003  -1.1493780040449972E-002   101.99893436476975     
      296000  -1.6820464785178006E-002   4.8463537559566327E-003  -1.1974111029221374E-002   102.02383584716149     
      298000  -1.6638119934367996E-002   4.8462183194529912E-003  -1.1791901614915005E-002   102.02098468269620     
      300000  -1.4975177512107050E-002   4.8448314659903374E-003  -1.0130346046116713E-002   101.99178910244291     
      302000  -1.5527307057185994E-002   4.8451575574103125E-003  -1.0682149499775681E-002   101.99865387112840     
      304000  -1.5018464413619472E-002   4.8442769659470964E-003  -1.0174187447672376E-002   101.98011595098976     
      306000  -1.4001740567269225E-002   4.8451893625686381E-003  -9.1565512047005870E-003   101.99932342279870     
      308000  -1.4263116483330535E-002   4.8453559150803864E-003  -9.4177605682501490E-003   102.00282963117188     
      310000  -1.5411269305645755E-002   4.8463651950722718E-003  -1.0564904110573484E-002   102.02407665963928     
      312000  -1.7502078985565005E-002   4.8455082635221530E-003  -1.2656570722042852E-002   102.00603682016323     
      314000  -1.5396887548518975E-002   4.8438616933033007E-003  -1.0553025855215673E-002   101.97137376868614     
      316000  -1.4099620057048090E-002   4.8453278164490030E-003  -9.2542922405990866E-003   102.00223810808046     
      318000  -1.4415524093102004E-002   4.8449862971585564E-003  -9.5705377959434471E-003   101.99504855697013     
      320000  -1.5310758677792415E-002   4.8450128330969067E-003  -1.0465745844695508E-002   101.99560718276483     
      322000  -1.4404939791992968E-002   4.8444019901218213E-003  -9.5605378018711468E-003   101.98274791855162     
      324000  -1.2809645507392638E-002   4.8447823825669943E-003  -7.9648631248256437E-003   101.99075581445402     
      326000  -1.2459607806544256E-002   4.8452178358097016E-003  -7.6143899707345544E-003   101.99992283204915     
      328000  -1.2779896437438043E-002   4.8456681503703152E-003  -7.9342282870677287E-003   102.00940270519195     
      330000  -1.2971071996923930E-002   4.8433326361346004E-003  -8.1277393607893291E-003   101.96023623220999     
      332000  -1.2308199769158021E-002   4.8445796377307648E-003  -7.4636201314272560E-003   101.98648769724014     
      334000  -1.3026992137613443E-002   4.8467679115681908E-003  -8.1802242260452518E-003   102.03255451407203     
      336000  -1.3841007963696576E-002   4.8487981461049195E-003  -8.9922098175916568E-003   102.07529433983316     
      338000  -1.2146515434138654E-002   4.8448406564378915E-003  -7.3016747777007625E-003   101.99198257670415     
      340000  -1.3553069126330426E-002   4.8466074890138313E-003  -8.7064616373165940E-003   102.02917735153369     
      342000  -1.4160968838345014E-002   4.8443031662938471E-003  -9.3166656720511665E-003   101.98066751202113     
      344000  -1.3408069833007746E-002   4.8452651704122248E-003  -8.5628046625955204E-003   102.00091930444074     
      346000  -1.3071600787879186E-002   4.8447890865172252E-003  -8.2268117013619621E-003   101.99089694379626     
      348000  -1.2655814466441052E-002   4.8453791433465893E-003  -7.8104353230944628E-003   102.00331862494687     
      350000  -1.2889447158718996E-002   4.8453910465342497E-003  -8.0440561121847467E-003   102.00356920691532     
      352000  -1.2690810294478012E-002   4.8448457089161606E-003  -7.8459645855618512E-003   101.99208893980504     
      354000  -1.2711136855907358E-002   4.8452818688678023E-003  -7.8658549870395562E-003   102.00127083480285     
      356000  -1.3284270440194266E-002   4.8448239673468466E-003  -8.4394464728474190E-003   101.99163124348108     
      358000  -1.3773408278689545E-002   4.8452165752490136E-003  -8.9281917034405300E-003   101.99989629514261     
      360000  -1.2565682236793637E-002   4.8481578244366766E-003  -7.7175244123569601E-003   102.06181449992468     
      362000  -1.2205216626377031E-002   4.8451294436628869E-003  -7.3600871827141446E-003   101.99806202981907     
      364000  -1.3937243954939633E-002   4.8445250268634790E-003  -9.0927189280761538E-003   101.98533804733012     
      366000  -1.3523423248266823E-002   4.8440108229421824E-003  -8.6794124253246410E-003   101.97451319650411     
      368000  -1.2945305409165175E-002   4.8454936433623584E-003  -8.0998117658028154E-003   102.00572904139635     
      370000  -1.3050107740129302E-002   4.8451068070728331E-003  -8.2050009330564694E-003   101.99758549181460     
      372000  -1.2443422511489033E-002   4.8450431991605989E-003  -7.5983793123284337E-003   101.99624643909102     
      374000  -1.2617048174122200E-002   4.8454254633479533E-003  -7.7716227107742465E-003   102.00429373829054     
      376000  -1.3423582049042119E-002   4.8456262650651786E-003  -8.5779557839769406E-003   102.00852094960602     
      378000  -1.4168895217565685E-002   4.8450538884842239E-003  -9.3238413290814611E-003   101.99647146719541     
      380000  -1.2342141204734427E-002   4.8441157930432330E-003  -7.4980254116911935E-003   101.97672299234192     
      382000  -1.1325431098602613E-002   4.8453218487820981E-003  -6.4801092498205145E-003   102.00211247873119     
      384000  -1.1926750682387454E-002   4.8443713173631662E-003  -7.0823793650242875E-003   101.98210220578456     
      386000  -1.1758081061205614E-002   4.8446610633375662E-003  -6.9134199978680474E-003   101.98820184217473     
      388000  -1.1553037178496125E-002   4.8456569646958400E-003  -6.7073802138002845E-003   102.00916722807369     
      390000  -1.3172536706929059E-002   4.8448614765727489E-003  -8.3276752303563101E-003   101.99242087529480     
      392000  -1.3533854823515132E-002   4.8444517151461997E-003  -8.6894031083689337E-003   101.98379471331324     
      394000  -1.2943295032841539E-002   4.8446061242348225E-003  -8.0986889086067174E-003   101.98704528236046     
      396000  -1.2378148591594407E-002   4.8447056141541585E-003  -7.5334429774402490E-003   101.98913971122593     
      398000  -1.2501145383832348E-002   4.8459667699310583E-003  -7.6551786139012895E-003   102.01568914538599     
      400000  -1.2887663418237445E-002   4.8462698516358481E-003  -8.0413935666015963E-003   102.02206952116020     
      402000  -1.2244220760021803E-002   4.8452616171039079E-003  -7.3989591429178946E-003   102.00084450136967     
      404000  -1.2423690237393897E-002   4.8452178230515633E-003  -7.5784724143423340E-003   101.99992256346904     
      406000  -1.3337703096229369E-002   4.8459323097332797E-003  -8.4917707864960897E-003   102.01496370070356     
      408000  -1.3067570291007073E-002   4.8504432991503628E-003  -8.2171269918567096E-003   102.10992755744455     
      410000  -1.1988851935192375E-002   4.8447675011111810E-003  -7.1440844340811939E-003   101.99044253496979     
      412000  -1.2055688464889028E-002   4.8446678058293429E-003  -7.2110206590596856E-003   101.98834378288086     
      414000  -1.1624018756820849E-002   4.8446466057447037E-003  -6.7793721510761452E-003   101.98789748571312     
      416000  -1.1131034154809115E-002   4.8453386840507382E-003  -6.2856954707583767E-003   102.00246688923663     
      418000  -1.1656270395917422E-002   4.8445746129114854E-003  -6.8116957830059366E-003   101.98638191640714     
      420000  -1.1657923165767393E-002   4.8448033831426911E-003  -6.8131197826247023E-003   101.99119791162552     
      422000  -1.1540062558160277E-002   4.8456720855031207E-003  -6.6943904726571562E-003   102.00948554630583     
      424000  -1.2778458054703810E-002   4.8437645633819786E-003  -7.9346934913218318E-003   101.96932902171804     
      426000  -1.2019465881640160E-002   4.8440230003186880E-003  -7.1754428813214722E-003   101.97476955060540     
      428000  -1.1026151861002000E-002   4.8452111729736886E-003  -6.1809406880283116E-003   101.99978256822980     
      430000  -1.1942956332124267E-002   4.8462660625653593E-003  -7.0966902695589074E-003   102.02198975490190     
      432000  -1.3008343649760655E-002   4.8456283324213086E-003  -8.1627153173393467E-003   102.00856447090329     
      434000  -1.2045543394970801E-002   4.8448225502520162E-003  -7.2007208447187852E-003   101.99160141126956     
      436000  -1.1591443874331317E-002   4.8450296293760086E-003  -6.7464142449553087E-003   101.99596077247541     
      438000  -1.1426641504520409E-002   4.8452628526384385E-003  -6.5813786518819709E-003   102.00087051143383     
      440000  -1.1368044770307662E-002   4.8452141912429846E-003  -6.5228305790646776E-003   101.99984610783643     
      442000  -1.1307476819953890E-002   4.8451802198901149E-003  -6.4622966000637749E-003   101.99913095415529     
      444000  -1.1342168529974054E-002   4.8452134416474592E-003  -6.4969550883265947E-003   101.99983032759943     
      446000  -1.1353258036153051E-002   4.8452390551061058E-003  -6.5080189810469450E-003   102.00036953365661     
      448000  -1.1280008472323086E-002   4.8452621943565963E-003  -6.4347462779664900E-003   102.00085665350228     
      450000  -1.1357546536406636E-002   4.8451896837365940E-003  -6.5123568526700417E-003   101.99933018392024     
      452000  -1.1382981496941206E-002   4.8451771398323115E-003  -6.5378043571088940E-003   101.99906611379745     
      454000  -1.1476154177093944E-002   4.8453289392119889E-003  -6.6308252378819554E-003   102.00226174411537     
      456000  -1.1634766654153651E-002   4.8453894631021966E-003  -6.7893771910514543E-003   102.00353587302762     
      458000  -1.1961546755203138E-002   4.8455142286776909E-003  -7.1160325265254469E-003   102.00616239664404     
      460000  -1.3526508619432599E-002   4.8464195585208288E-003  -8.6800890609117706E-003   102.02522110097208     
      462000  -1.3820260307968317E-002   4.8444523229034817E-003  -8.9758079850648341E-003   101.98380750761847     
      464000  -1.2237154470444232E-002   4.8442756136823778E-003  -7.3928788567618545E-003   101.98008748356030     
      466000  -1.1516101079900642E-002   4.8447194046074915E-003  -6.6713816752931509E-003   101.98943002328691     
      468000  -1.1157893740733553E-002   4.8454031713665892E-003  -6.3124905693669638E-003   102.00382445487421     
      470000  -1.1278882447489142E-002   4.8441773258068735E-003  -6.4347051216822682E-003   101.97801835972386     
      472000  -1.1119590355296711E-002   4.8446760591517903E-003  -6.2749142961449206E-003   101.98851752909439     
      474000  -1.0691748498794109E-002   4.8451973756176896E-003  -5.8465511231764198E-003   101.99949211085620     
      476000  -1.1113952734646292E-002   4.8457252841753356E-003  -6.2682274504709560E-003   102.01060546715243     
      478000  -1.1137252335280441E-002   4.8469638842741879E-003  -6.2902884510062530E-003   102.03668006664081     
      480000  -1.0467757470013501E-002   4.8448852236467827E-003  -5.6228722463667188E-003   101.99292079084060     
      482000  -1.0172399611706897E-002   4.8451757504551895E-003  -5.3272238612517078E-003   101.99903686508996     
      484000  -1.0143297427883776E-002   4.8453154675059821E-003  -5.2979819603777940E-003   102.00197814221765     
      486000  -1.0541840357309738E-002   4.8456153924759972E-003  -5.6962249648337404E-003   102.00829206345580     
      488000  -1.1443187930490125E-002   4.8441531263110462E-003  -6.5990348041790785E-003   101.97750891994414     
      490000  -1.1165829595753888E-002   4.8444580336044719E-003  -6.3213715621494157E-003   101.98392772740632     
      492000  -1.0364400172515248E-002   4.8450179035997082E-003  -5.5193822689155398E-003   101.99571392531223     
      494000  -1.0207243489624176E-002   4.8451873814718549E-003  -5.3620561081523209E-003   101.99928171740466     
      496000  -1.0311297220329016E-002   4.8453283903021572E-003  -5.4659688300268587E-003   102.00225018864721     
      498000  -1.0997647519125586E-002   4.8459173775879600E-003  -6.1517301415376256E-003   102.01464935412062     
      500000  -1.4272087322082849E-002   4.8442222725983714E-003  -9.4278650494844778E-003   101.97896456470777     
      502000  -1.2658058752086622E-002   4.8430356897427012E-003  -7.8150230623439208E-003   101.95398501501288     
      504000  -1.0660262440419541E-002   4.8449040189071143E-003  -5.8153584215124270E-003   101.99331646244266     
      506000  -1.0375502226841178E-002   4.8452114872297317E-003  -5.5302907396114461E-003   101.99978918384406     
      508000  -1.0572369210885928E-002   4.8454654438618867E-003  -5.7269037670240417E-003   102.00513539484226     
      510000  -1.1563169810310598E-002   4.8457814270268249E-003  -6.7173883832837731E-003   102.01178736788705     
      512000  -1.1433500481225978E-002   4.8446218726463826E-003  -6.5888786085795958E-003   101.98737681271024     
      514000  -1.0396847656081619E-002   4.8449489113979909E-003  -5.5518987446836277E-003   101.99426152430784     
      516000  -1.0120086594169688E-002   4.8451783846468061E-003  -5.2749082095228817E-003   101.99909231922034     
      518000  -1.0135915462538340E-002   4.8452640441291935E-003  -5.2906514184091463E-003   102.00089559430300     
      520000  -1.0421457067568292E-002   4.8455257060295949E-003  -5.5759313615386967E-003   102.00640401405903     
      522000  -1.1414854661514769E-002   4.8452246483134710E-003  -6.5696300132012976E-003   102.00006624662457     
      524000  -1.1294359631046988E-002   4.8446067115789368E-003  -6.4497529194680507E-003   101.98705764693443     
      526000  -1.0426386521552923E-002   4.8449997430881327E-003  -5.5813867784647907E-003   101.99533161623097     
      528000  -1.0248358018021684E-002   4.8452358608364427E-003  -5.4031221571852412E-003   102.00030228894849     
      530000  -1.0350810890807194E-002   4.8454029103280252E-003  -5.5054079804791687E-003   102.00381895957672     
      532000  -1.1351040295320507E-002   4.8460498039279336E-003  -6.5049904913925738E-003   102.01743714961630     
      534000  -1.2091477813133508E-002   4.8457632631210574E-003  -7.2457145500124508E-003   102.01140498735238     
      536000  -1.1447367765778855E-002   4.8453562211157371E-003  -6.6020115446631181E-003   102.00283607372683     
      538000  -1.1662444730301612E-002   4.8426335312904689E-003  -6.8198111990111429E-003   101.94551890833120     
      540000  -1.1164691764286111E-002   4.8443785175049303E-003  -6.3203132467811807E-003   101.98225378078679     
      542000  -1.0289372552798149E-002   4.8450397991790161E-003  -5.4443327536191329E-003   101.99617486380363     
      544000  -1.0072272921122337E-002   4.8451679929822607E-003  -5.2271049281400759E-003   101.99887355733644     
      546000  -1.0044376062653545E-002   4.8452572319962472E-003  -5.1991188306572973E-003   102.00075218753402     
      548000  -1.0146003455530949E-002   4.8453306997720946E-003  -5.3006727557588541E-003   102.00229880684424     
      550000  -1.0552449406758079E-002   4.8456137220307454E-003  -5.7068356847273334E-003   102.00825689779502     
      552000  -1.2271845819570812E-002   4.8465112269885603E-003  -7.4253345925822519E-003   102.02715087522611     
      554000  -1.2867370333622612E-002   4.8446032518320772E-003  -8.0227670817905345E-003   101.98698481348821     
      556000  -1.1390093367868729E-002   4.8448346730311682E-003  -6.5452586948375607E-003   101.99185661600542     
      558000  -1.1252196334637825E-002   4.8453940575942768E-003  -6.4068022770435483E-003   102.00363259475479     
      560000  -1.1532128574651225E-002   4.8450406536771871E-003  -6.6870879209740379E-003   101.99619285241641     
      562000  -1.1514535875904971E-002   4.8449772073086783E-003  -6.6695586685962928E-003   101.99485720045790     
      564000  -1.1502644694108595E-002   4.8455415958453627E-003  -6.6571030982632319E-003   102.00673852120340     
      566000  -1.3067932022465251E-002   4.8458735148371838E-003  -8.2220585076280672E-003   102.01372597000334     
      568000  -1.2798688619987859E-002   4.8441047833512312E-003  -7.9545838366366275E-003   101.97649121994846     
      570000  -1.1681908620047480E-002   4.8453689681869968E-003  -6.8365396518604831E-003   102.00310442085359     
      572000  -1.2363056616159714E-002   4.8412842211888818E-003  -7.5217723949708324E-003   101.91711367849381     
      574000  -1.1243344096092837E-002   4.8440778065791052E-003  -6.3992662895137322E-003   101.97592331386697     
      576000  -1.0154222072550984E-002   4.8449582704854395E-003  -5.3092638020655440E-003   101.99445854872035     
      578000  -9.8700965993320858E-003   4.8450936548019210E-003  -5.0250029445301648E-003   101.99730861455882     
      580000  -9.7584583954421125E-003   4.8451317756582476E-003  -4.9133266197838648E-003   101.99811112221386     
      582000  -9.6980486237283944E-003   4.8451781469209592E-003  -4.8528704768074351E-003   101.99908731469446     
      584000  -9.6645273264017190E-003   4.8452106636233134E-003  -4.8193166627784056E-003   101.99977184555424     
      586000  -9.6471927220462220E-003   4.8452360447505411E-003  -4.8019566772956809E-003   102.00030616064724     
      588000  -9.6430989782255710E-003   4.8452580946092300E-003  -4.7978408836163410E-003   102.00077034697713     
      590000  -9.6388034245441338E-003   4.8452538058428836E-003  -4.7935496187012502E-003   102.00068006128696     
      592000  -9.6393936402597736E-003   4.8452307348950847E-003  -4.7941629053646889E-003   102.00019437932696     
      594000  -9.6331666088970945E-003   4.8452176298331923E-003  -4.7879489790639022E-003   101.99991849589982     
      596000  -9.6262606593957370E-003   4.8451833611858177E-003  -4.7810772982099193E-003   101.99919708367312     
      598000  -9.6197818408266401E-003   4.8451739993475990E-003  -4.7746078414790411E-003   101.99900000135231     
      600000  -9.6078406238546011E-003   4.8451795936420329E-003  -4.7626610302125682E-003   101.99911777058786     
      602000  -9.6019372188814456E-003   4.8451924489777334E-003  -4.7567447699037122E-003   101.99938839686182     
      604000  -9.6014515464667750E-003   4.8452162863342804E-003  -4.7562352601324947E-003   101.99989021300523     
      606000  -9.6105793102089949E-003   4.8452513710911587E-003  -4.7653279391178362E-003   102.00062880569918     
      608000  -9.6172083387809307E-003   4.8452531242471212E-003  -4.7719552145338096E-003   102.00066571255847     
      610000  -9.6389104290409248E-003   4.8452705228092339E-003  -4.7936399062316910E-003   102.00103198133174     
      612000  -9.6466831732565910E-003   4.8452517467693634E-003  -4.8014314264872276E-003   102.00063671435245     
      614000  -9.6779604138475840E-003   4.8452346005109616E-003  -4.8327258133366224E-003   102.00027575699345     
      616000  -9.6924440603462694E-003   4.8452336826914980E-003  -4.8472103776547714E-003   102.00025643536176     
      618000  -9.7450897299237414E-003   4.8452280844702399E-003  -4.8998616454535016E-003   102.00013858346001     
      620000  -9.8167326174354638E-003   4.8452733609931926E-003  -4.9714592564422712E-003   102.00109172984141     
      622000  -1.0029341804667261E-002   4.8453723162102391E-003  -5.1839694884570214E-003   102.00317490233120     
      624000  -1.0766962296245301E-002   4.8459439526783799E-003  -5.9210183435669207E-003   102.01520880413173     
      626000  -1.0670075972518844E-002   4.8486407563050771E-003  -5.8214352162137672E-003   102.07198102183953     
      628000  -1.0378786186056560E-002   4.8448185670470359E-003  -5.5339676190095241E-003   101.99151755815616     
      630000  -9.8972321515611392E-003   4.8450963333496926E-003  -5.0521358182114466E-003   101.99736500246030     
      632000  -9.7700586064423355E-003   4.8451931695736713E-003  -4.9248654368686641E-003   101.99940356660909     
      634000  -9.6719397223384868E-003   4.8451895617490854E-003  -4.8267501605894015E-003   101.99932761587957     
      636000  -9.6666643728348222E-003   4.8452052820227819E-003  -4.8214590908120403E-003   101.99965855388035     
      638000  -9.6116554983130993E-003   4.8452172906005902E-003  -4.7664382077125091E-003   101.99991135448731     
      640000  -9.6256535230769165E-003   4.8452045729937762E-003  -4.7804489500831403E-003   101.99964362763630     
      642000  -9.5843970044660800E-003   4.8452308815453175E-003  -4.7391661229207625E-003   102.00019746655913     
      644000  -9.5946401015846328E-003   4.8451847959976781E-003  -4.7494553055869547E-003   101.99922728885770     
      646000  -9.5757392162369621E-003   4.8452304140299612E-003  -4.7305088022070009E-003   102.00018762458053     
      648000  -9.5745024549855895E-003   4.8451993133581013E-003  -4.7293031416274882E-003   101.99953290352623     
      650000  -9.5684422241343152E-003   4.8452467497279682E-003  -4.7231954744063470E-003   102.00053151829029     
      652000  -9.5618496103056904E-003   4.8452313668765051E-003  -4.7166182434291853E-003   102.00020768359072     
      654000  -9.5731646847710284E-003   4.8452577209801301E-003  -4.7279069637908983E-003   102.00076248146094     
      656000  -9.5688877521459999E-003   4.8452367312066171E-003  -4.7236510209393828E-003   102.00032061169344     
      658000  -9.5789501463603190E-003   4.8452353673170984E-003  -4.7337147790432205E-003   102.00029189954253     
      660000  -9.5660956969198518E-003   4.8452027623606189E-003  -4.7208929345592329E-003   101.99960551078613     
      662000  -9.5722578317920561E-003   4.8451895049961610E-003  -4.7270683267958951E-003   101.99932642113578     
      664000  -9.5543228806033650E-003   4.8451873843715519E-003  -4.7091354962318132E-003   101.99928177844812     
      666000  -9.5522222741106326E-003   4.8451832692091665E-003  -4.7070390049014661E-003   101.99919514741109     
      668000  -9.5412023730667723E-003   4.8452167045702774E-003  -4.6959856684964949E-003   101.99989901757105     
      670000  -9.5426978766052079E-003   4.8452417078950639E-003  -4.6974561687101440E-003   102.00042537929208     
      672000  -9.5412116737790750E-003   4.8452628801887677E-003  -4.6959487935903073E-003   102.00087109141424     
      674000  -9.5523443489259618E-003   4.8452803249912661E-003  -4.7070640239346958E-003   102.00123833362480     
      676000  -9.5554481935417584E-003   4.8452768405979254E-003  -4.7101713529438330E-003   102.00116498132901     
      678000  -9.5661210253118484E-003   4.8452441698523391E-003  -4.7208768554595094E-003   102.00047720760209     
      680000  -9.5654117057945472E-003   4.8452385023428825E-003  -4.7201732034516646E-003   102.00035789706811     
      682000  -9.5624062834978076E-003   4.8451885993229925E-003  -4.7172176841748150E-003   101.99930735520388     
      684000  -9.5605754700505471E-003   4.8451827553550450E-003  -4.7153927146955021E-003   101.99918432992413     
      686000  -9.5487192007412524E-003   4.8451761363094859E-003  -4.7035430644317665E-003   101.99904498796694     
      688000  -9.5437504937730972E-003   4.8451888966501893E-003  -4.6985615971229079E-003   101.99931361443765     
      690000  -9.5368386835743071E-003   4.8452113335466854E-003  -4.6916273500276218E-003   101.99978594855941     
      692000  -9.5424340741669961E-003   4.8452453526020350E-003  -4.6971887215649611E-003   102.00050210645738     
      694000  -9.5416724332948559E-003   4.8452517606447226E-003  -4.6964206726501333E-003   102.00063700645192     
      696000  -9.5555400630181839E-003   4.8452673995016456E-003  -4.7102726635165383E-003   102.00096623049373     
      698000  -9.5493299421663663E-003   4.8452533685705741E-003  -4.7040765735957921E-003   102.00067085597497     
      700000  -9.5643814439781340E-003   4.8452246880894426E-003  -4.7191567558886914E-003   102.00006708397517     
      702000  -9.5525579372123630E-003   4.8452208531725178E-003  -4.7073370840398452E-003   101.99998635257285     
      704000  -9.5586302912857544E-003   4.8451863832021875E-003  -4.7134439080835670E-003   101.99926070216191     
      706000  -9.5426642781198702E-003   4.8451987470298375E-003  -4.6974655310900327E-003   101.99952098137099     
      708000  -9.5483397492692277E-003   4.8451827104342652E-003  -4.7031570388349625E-003   101.99918338426674     
      710000  -9.5416175511609195E-003   4.8452307683984393E-003  -4.6963867827624801E-003   102.00019508462849     
      712000  -9.5412423399850853E-003   4.8451991130132183E-003  -4.6960432269718671E-003   101.99952868593205     
      714000  -9.5481981779861544E-003   4.8452462217754445E-003  -4.7029519562107099E-003   102.00052040400843     
      716000  -9.5405779084291806E-003   4.8452011960181257E-003  -4.6953767124110549E-003   101.99957253666219     
      718000  -9.5598787793747843E-003   4.8452398189054472E-003  -4.7146389604693370E-003   102.00038561290765     
      720000  -9.5303867612295170E-003   4.8452107946500627E-003  -4.6851759665794543E-003   101.99977460388601     
      722000  -9.5617468619969854E-003   4.8452306449472578E-003  -4.7165162170497276E-003   102.00019248577506     
      724000  -9.5326432759299754E-003   4.8452249647852799E-003  -4.6874183111446956E-003   102.00007290888439     
      726000  -9.5614341967515254E-003   4.8452125031568467E-003  -4.7162216935946787E-003   101.99981057080556     
      728000  -9.5328880102496689E-003   4.8452320088158089E-003  -4.6876560014338601E-003   102.00022119748455     
      730000  -9.5562511582256895E-003   4.8451948095849804E-003  -4.7110563486407091E-003   101.99943809158458     
      732000  -9.5423973780509562E-003   4.8452320252150597E-003  -4.6971653528358965E-003   102.00022154271616     
      734000  -9.5448422734088056E-003   4.8452018605552403E-003  -4.6996404128535653E-003   101.99958652627767     
      736000  -9.5406441698306938E-003   4.8452459289493235E-003  -4.6953982408813703E-003   102.00051423952981     
      738000  -9.5399748250964284E-003   4.8452287237719834E-003  -4.6947461013244450E-003   102.00015204182880     
      740000  -9.5512330339773775E-003   4.8452611066707486E-003  -4.7059719273066288E-003   102.00083375589968     
      742000  -9.5494473283403072E-003   4.8452402423898909E-003  -4.7042070859504162E-003   102.00039452796204     
      744000  -9.5599971622877568E-003   4.8452430673537605E-003  -4.7147540949339962E-003   102.00045399816678     
      746000  -9.5510563292115682E-003   4.8452004963266890E-003  -4.7058558328848792E-003   101.99955780698956     
      748000  -9.5593788972192922E-003   4.8451907924518707E-003  -4.7141881047674215E-003   101.99935352422743     
      750000  -9.5428869328748420E-003   4.8451740144727614E-003  -4.6977129184020807E-003   101.99900031976223     
      752000  -9.5439866893406739E-003   4.8451653465749417E-003  -4.6988213427657322E-003   101.99881784604511     
      754000  -9.5319752719820287E-003   4.8451948873483837E-003  -4.6867803846336450E-003   101.99943972863402     
      756000  -9.5339866627445931E-003   4.8452111585694348E-003  -4.6887755041751583E-003   101.99978226499623     
      758000  -9.5329489736606238E-003   4.8452419734037787E-003  -4.6877070002568451E-003   102.00043096869369     
      760000  -9.5429751223497176E-003   4.8452639796580793E-003  -4.6977111426916383E-003   102.00089423707843     
      762000  -9.5481743467651370E-003   4.8452658171301713E-003  -4.7029085296349657E-003   102.00093291893299     
      764000  -9.5589612318557563E-003   4.8452448731343169E-003  -4.7137163587214394E-003   102.00049201286161     
      766000  -9.5589014241267613E-003   4.8452362265965178E-003  -4.7136651975302436E-003   102.00030998880858     
      768000  -9.5567357667212961E-003   4.8451889525209183E-003  -4.7115468142003777E-003   101.99931479060976     
      770000  -9.5542429564885786E-003   4.8451797360835750E-003  -4.7090632204050036E-003   101.99912076922008     
      772000  -9.5410650614543499E-003   4.8451687285674238E-003  -4.6958963328869261E-003   101.99888904263192     
      774000  -9.5350361766021498E-003   4.8451745146562636E-003  -4.6898616619458862E-003   101.99901084945984     
      776000  -9.5264587588001041E-003   4.8451984355414278E-003  -4.6812603232586764E-003   101.99951442402005     
      778000  -9.5305294205170286E-003   4.8452300208612943E-003  -4.6852993996557343E-003   102.00017934772383     
      780000  -9.5302215834188134E-003   4.8452425630743879E-003  -4.6849790203444255E-003   102.00044338224427     
      782000  -9.5440242981738935E-003   4.8452717400871356E-003  -4.6987525580867578E-003   102.00105760706337     
      784000  -9.5408092567992337E-003   4.8452546895087385E-003  -4.6955545672904952E-003   102.00069866392818     
      786000  -9.5597058333146620E-003   4.8452402424518995E-003  -4.7144655908627625E-003   102.00039452926742     
      788000  -9.5484536566514538E-003   4.8452301904243905E-003  -4.7032234662270633E-003   102.00018291731003     
      790000  -9.5596907471646453E-003   4.8452018897623501E-003  -4.7144888574022952E-003   101.99958714113608     
      792000  -9.5419623249750601E-003   4.8452101650121602E-003  -4.6967521599628999E-003   101.99976134895719     
      794000  -9.5487124392667974E-003   4.8451910824051795E-003  -4.7035213568616180E-003   101.99935962822855     
      796000  -9.5378697607052271E-003   4.8452328205394980E-003  -4.6926369401657292E-003   102.00023828562310     
      798000  -9.5424445341008492E-003   4.8452026865922152E-003  -4.6972418475086340E-003   101.99960391573477     
      800000  -9.5469534030631544E-003   4.8452518375533583E-003  -4.7017015655097961E-003   102.00063862550708     
      802000  -9.5376632371325550E-003   4.8452068208873211E-003  -4.6924564162452338E-003   101.99969094954750     
      804000  -9.5545181308136808E-003   4.8452477628525264E-003  -4.7092703679611544E-003   102.00055284625329     
      806000  -9.5290788793447687E-003   4.8452066486226828E-003  -4.6838722307220859E-003   101.99968732308932     
      808000  -9.5610330374551467E-003   4.8452263918219510E-003  -4.7158066456331957E-003   102.00010295038825     
      810000  -9.5304281805353250E-003   4.8452205267122640E-003  -4.6852076538230611E-003   101.99997948003960     
      812000  -9.5612020674107970E-003   4.8452181442260982E-003  -4.7159839231846988E-003   101.99992932472908     
      814000  -9.5297608360121518E-003   4.8452283439208623E-003  -4.6845324920912895E-003   102.00014404532868     
      816000  -9.5528646049710952E-003   4.8451897662395386E-003  -4.7076748387315567E-003   101.99933192074494     
      818000  -9.5349022008901548E-003   4.8452229538962360E-003  -4.6896792469939188E-003   102.00003057631355     
      820000  -9.5429244140058031E-003   4.8451929731245010E-003  -4.6977314408813021E-003   101.99939943102616     
      822000  -9.5337891134376299E-003   4.8452383267412998E-003  -4.6885507866963301E-003   102.00035420036170     
      824000  -9.5339946132476511E-003   4.8452252978425838E-003  -4.6887693154050673E-003   102.00007992029656     
      826000  -9.5433592835274129E-003   4.8452593461818499E-003  -4.6980999373455630E-003   102.00079669466984     
      828000  -9.5457976684546683E-003   4.8452487325854037E-003  -4.7005489358692646E-003   102.00057326074898     
      830000  -9.5568605421656860E-003   4.8452519855867529E-003  -4.7116085565789331E-003   102.00064174185712     
      832000  -9.5527606343707872E-003   4.8452169284016770E-003  -4.7075437059691102E-003   101.99990372959563     
      834000  -9.5606044166797986E-003   4.8452076040127303E-003  -4.7153968126670684E-003   101.99970743564451     
      836000  -9.5464794686541260E-003   4.8451850360342703E-003  -4.7012944326198557E-003   101.99923234202862     
      838000  -9.5462377078045363E-003   4.8451747939171896E-003  -4.7010629138873467E-003   101.99901672836846     
      840000  -9.5322252978126635E-003   4.8451974294851765E-003  -4.6870278683274870E-003   101.99949324485671     
      842000  -9.5317434857625991E-003   4.8452139264734155E-003  -4.6865295592891836E-003   101.99984053399506     
      844000  -9.5273196289813265E-003   4.8452440406693675E-003  -4.6820755883119590E-003   102.00047448808492     
      846000  -9.5359114023496287E-003   4.8452747484160940E-003  -4.6906366539335347E-003   102.00112093740930     
      848000  -9.5393132459890909E-003   4.8452771780854321E-003  -4.6940360679036588E-003   102.00117208600435     
      850000  -9.5540636110961683E-003   4.8452685600683318E-003  -4.7087950510278365E-003   102.00099066235963     
      852000  -9.5541093206163615E-003   4.8452605302471263E-003  -4.7088487903692352E-003   102.00082162122030     
      854000  -9.5596632075332626E-003   4.8452110521241872E-003  -4.7144521554090754E-003   101.99978002414609     
      856000  -9.5581678126591147E-003   4.8452051424958164E-003  -4.7129626701632983E-003   101.99965561660484     
      858000  -9.5502262588745609E-003   4.8451763020290741E-003  -4.7050499568454867E-003   101.99904847664089     
      860000  -9.5444375575084641E-003   4.8451811736013890E-003  -4.6992563839070751E-003   101.99915103136949     
      862000  -9.5362380177508848E-003   4.8451938405452699E-003  -4.6910441772056149E-003   101.99941769168120     
      864000  -9.5373691557417341E-003   4.8452239784436066E-003  -4.6921451772981276E-003   102.00005214474581     
      866000  -9.5348780220608619E-003   4.8452352906710756E-003  -4.6896427313897864E-003   102.00029028601583     
      868000  -9.5458838266153506E-003   4.8452674786270741E-003  -4.7006163479882766E-003   102.00096789621607     
      870000  -9.5406550800394667E-003   4.8452519196360436E-003  -4.6954031604034231E-003   102.00064035348461     
      872000  -9.5595951311315160E-003   4.8452427315446005E-003  -4.7143523995869154E-003   102.00044692882345     
      874000  -9.5455947978905567E-003   4.8452336723714042E-003  -4.7003611255191525E-003   102.00025621810656     
      876000  -9.5604580431559779E-003   4.8452049800745915E-003  -4.7152530630813864E-003   101.99965219736694     
      878000  -9.5401951437543032E-003   4.8452129656899922E-003  -4.6949821780643110E-003   101.99982030790031     
      880000  -9.5515535431981019E-003   4.8451866838551049E-003  -4.7063668593429970E-003   101.99926703140764     
      882000  -9.5359228864214246E-003   4.8452271704207761E-003  -4.6906957160006485E-003   102.00011934119311     
      884000  -9.5473366610613012E-003   4.8451931391031737E-003  -4.7021435219581275E-003   101.99940292515426     
      886000  -9.5456642335523933E-003   4.8452487978345917E-003  -4.7004154357178016E-003   102.00057463435330     
      888000  -9.5399125520306237E-003   4.8451973526678557E-003  -4.6947151993627680E-003   101.99949162772388     
      890000  -9.5505218265066784E-003   4.8452477944805694E-003  -4.7052740320261089E-003   102.00055351207638     
      892000  -9.5325526517590770E-003   4.8452004540864568E-003  -4.6873521976726201E-003   101.99955691776216     
      894000  -9.5593248467388259E-003   4.8452346480303329E-003  -4.7140901987084930E-003   102.00027675735552     
      896000  -9.5329676303275556E-003   4.8452213940133465E-003  -4.6877462363142091E-003   101.99999773817504     
      898000  -9.5609451410443320E-003   4.8452292777156564E-003  -4.7157158633286756E-003   102.00016370326773     
      900000  -9.5349860728354136E-003   4.8452269979166974E-003  -4.6897590749187161E-003   102.00011570969433     
      902000  -9.5569422501771747E-003   4.8451966015570164E-003  -4.7117456486201583E-003   101.99947581558700     
      904000  -9.5393544659105878E-003   4.8452183527139397E-003  -4.6941361131966480E-003   101.99993371374615     
      906000  -9.5475472037911714E-003   4.8451938852616455E-003  -4.7023533185295259E-003   101.99941863303555     
      908000  -9.5374272616018021E-003   4.8452346574994008E-003  -4.6921926041024013E-003   102.00027695669522     
      910000  -9.5372620051023312E-003   4.8452282510157655E-003  -4.6920337540865657E-003   102.00014208952132     
      912000  -9.5430025583682597E-003   4.8452610919574833E-003  -4.6977414664107764E-003   102.00083344616088     
      914000  -9.5469191334720122E-003   4.8452540564237765E-003  -4.7016650770482357E-003   102.00068533643301     
      916000  -9.5553020645988054E-003   4.8452609297991150E-003  -4.7100411347996904E-003   102.00083003245656     
      918000  -9.5543803694192256E-003   4.8452207236885430E-003  -4.7091596457306826E-003   101.99998362671906     
      920000  -9.5609934241784201E-003   4.8452160836483689E-003  -4.7157773405300512E-003   101.99988594612847     
      922000  -9.5492977112335113E-003   4.8451773503466328E-003  -4.7041203608868785E-003   101.99907054547529     
      924000  -9.5506362371643103E-003   4.8451669457388125E-003  -4.7054692914254978E-003   101.99885151111384     
      926000  -9.5361179699640520E-003   4.8451784291358210E-003  -4.6909395408282310E-003   101.99909325578837     
      928000  -9.5356783781164658E-003   4.8451867890481112E-003  -4.6904915890683546E-003   101.99926924589602     
      930000  -9.5308458867843313E-003   4.8452217295499632E-003  -4.6856241572343681E-003   102.00000480178089     
      932000  -9.5370950864952612E-003   4.8452507304231549E-003  -4.6918443560721064E-003   102.00061531856834     
      934000  -9.5411000247738256E-003   4.8452611638698032E-003  -4.6958388609040225E-003   102.00083496003525     
      936000  -9.5541255506972917E-003   4.8452620360380236E-003  -4.7088635146592681E-003   102.00085332063207     
      938000  -9.5552079830490983E-003   4.8452538722804153E-003  -4.7099541107686830E-003   102.00068145990790     
      940000  -9.5599179930378995E-003   4.8452104340285570E-003  -4.7147075590093426E-003   101.99976701220137     
      942000  -9.5570563884670775E-003   4.8452008122709424E-003  -4.7118555761961351E-003   101.99956445814345     
      944000  -9.5483820219316052E-003   4.8451698292627868E-003  -4.7032121926688184E-003   101.99891221410653     
      946000  -9.5421848760376144E-003   4.8451693947454168E-003  -4.6970154812921976E-003   101.99890306679062     
      948000  -9.5319567818484829E-003   4.8451815039478536E-003  -4.6867752779006294E-003   101.99915798571396     
      950000  -9.5304035494806656E-003   4.8452070138790765E-003  -4.6851965356015891E-003   101.99969501234608     
      952000  -9.5282834123224195E-003   4.8452218406250360E-003  -4.6830615716973835E-003   102.00000714009657     
      954000  -9.5391656934937924E-003   4.8452596837758426E-003  -4.6939060097179498E-003   102.00080380158688     
      956000  -9.5361528589295724E-003   4.8452460183880100E-003  -4.6909068405415625E-003   102.00051612236345     
      958000  -9.5560234048218881E-003   4.8452539982333943E-003  -4.7107694065884938E-003   102.00068411142833     
      960000  -9.5430832390998779E-003   4.8452331414380115E-003  -4.6978500976618664E-003   102.00024504107243     
      962000  -9.5611912331697736E-003   4.8452148834086089E-003  -4.7159763497611647E-003   101.99986067907815     
      964000  -9.5397319491148536E-003   4.8452163553003910E-003  -4.6945155938144627E-003   101.99989166485696     
      966000  -9.5553016112115315E-003   4.8451979983987568E-003  -4.7101036128127747E-003   101.99950522143718     
      968000  -9.5371143887103722E-003   4.8452335999611693E-003  -4.6918807887492029E-003   102.00025469375025     
      970000  -9.5472745773910340E-003   4.8452002617633523E-003  -4.7020743156276816E-003   101.99955286903980     
      972000  -9.5432216015675017E-003   4.8452503651732603E-003  -4.6979712363942414E-003   102.00060762944840     
      974000  -9.5417462499703572E-003   4.8451986784922201E-003  -4.6965475714781371E-003   101.99951953853976     
      976000  -9.5537349458972940E-003   4.8452463299683782E-003  -4.7084886159289158E-003   102.00052268165027     
      978000  -9.5327204444793576E-003   4.8452026434288057E-003  -4.6875178010505518E-003   101.99960300707295     
      980000  -9.5585832225867449E-003   4.8452376910121872E-003  -4.7133455315745577E-003   102.00034081720275     
      982000  -9.5301361435187349E-003   4.8452163720370429E-003  -4.6849197714816920E-003   101.99989201719143     
      984000  -9.5613187832124386E-003   4.8452212457761922E-003  -4.7160975374362464E-003   101.99999461753551     
      986000  -9.5326746795092003E-003   4.8452177845686546E-003  -4.6874568949405457E-003   101.99992175333958     
      988000  -9.5570951229276471E-003   4.8451949522914581E-003  -4.7119001706361890E-003   101.99944109579413     
      990000  -9.5330557068274788E-003   4.8452096378535639E-003  -4.6878460689739150E-003   101.99975025138885     
      992000  -9.5434236426856101E-003   4.8451820762856401E-003  -4.6982415663999700E-003   101.99917003437969     
      994000  -9.5302528508399639E-003   4.8452223887067965E-003  -4.6850304621331674E-003   102.00001867813245     
      996000  -9.5343493810288813E-003   4.8452163614696514E-003  -4.6891330195592299E-003   101.99989179473019     
      998000  -9.5362480036379968E-003   4.8452528403963874E-003  -4.6909951632416094E-003   102.00065973702674     
     1000000  -9.5422559788337462E-003   4.8452543838097351E-003  -4.6970015950240111E-003   102.00069222845389     
