   0.0000000000000000        0.0000000000000000        1.5723661476231088E-003
   3.1447374784910639E-003   3.1447322952462176E-003   3.1447167455424347E-003
   6.2894749569821278E-003   6.2894334910848695E-003   6.2894023918310827E-003
   9.4342124354731931E-003   9.4340724884159431E-003   9.4340258399196967E-003
   1.2578949913964256E-002   1.2578618188754526E-002   1.2578555991477152E-002
   1.5723687392455322E-002   1.5723039494538363E-002   1.5722961749094957E-002
   1.8868424870946386E-002   1.8867305309435371E-002   1.8867212016594779E-002
   2.2013162349437451E-002   2.2011384538651181E-002   2.2011275699335989E-002
   2.5157899827928511E-002   2.5155246089236631E-002   2.5155121704523220E-002
   2.8302637306419576E-002   2.8298858870395276E-002   2.8298718941513732E-002
   3.1447374784910644E-002   3.1442191793790833E-002   3.1442036322124951E-002
   3.4592112263401711E-002   3.4585213773854630E-002   3.4585042760941966E-002
   3.7736849741892772E-002   3.7727893728093029E-002   3.7727707175624715E-002
   4.0881587220383833E-002   4.0870200577394815E-002   4.0869998487215800E-002
   4.4026324698874901E-002   4.4012103246338564E-002   4.4011885620447347E-002
   4.7171062177365962E-002   4.7153570663499893E-002   4.7153337504048654E-002
   5.0315799655857023E-002   5.0294571761758819E-002   5.0294323071053429E-002
   5.3460537134348098E-002   5.3435075478606958E-002   5.3434811259106749E-002
   5.6605274612839152E-002   5.6575050756454678E-002   5.6574771010772643E-002
   5.9750012091330219E-002   5.9714466542938320E-002   5.9714171273840939E-002
   6.2894749569821287E-002   6.2853291791227200E-002   6.2852981001634514E-002
   6.6039487048312348E-002   6.5991495460330715E-002   6.5991169153316237E-002
   6.9184224526803423E-002   6.9129046515405274E-002   6.9128704694196075E-002
   7.2328962005294484E-002   7.2265913928061185E-002   7.2265556596037561E-002
   7.5473699483785545E-002   7.5402066676669599E-002   7.5401693837365072E-002
   7.8618436962276605E-002   7.8537473746669251E-002   7.8537085403771217E-002
   8.1763174440767666E-002   8.1672104130873099E-002   8.1671700288222168E-002
   8.4907911919258727E-002   8.4805926829775086E-002   8.4805507491365034E-002
   8.8052649397749802E-002   8.7938910851856650E-002   8.7938476021834286E-002
   9.1197386876240877E-002   9.1071025213893181E-002   9.1070574896558371E-002
   9.4342124354731924E-002   9.4202238941260424E-002   9.4201773141066897E-002
   9.7486861833222985E-002   9.7332521068240932E-002   9.7332039789795266E-002
  0.10063159931171405       0.10046184063833012       0.10046134388639172     
  0.10377633679020512       0.10359016670454251       0.10358965448402391     
  0.10692107426869620       0.10671746832971771       0.10671694064568446     
  0.11006581174718724       0.10984371458682642       0.10984317144449698     
  0.11321054922567830       0.11296887455927627       0.11296831596402199     
  0.11635528670416938       0.11609291734121757       0.11609234329856259     
  0.11950002418266044       0.11921581203784891       0.11921522255347014     
  0.12264476166115151       0.12233752776572271       0.12233692284544978     
  0.12578949913964257       0.12545803365305067       0.12545741330286631     
  0.12893423661813364       0.12857729884000899       0.12857666306604715     
  0.13207897409662470       0.13169529247904369       0.13169464128759178     
  0.13522371157511576       0.13481198373517553       0.13481131713267439     
  0.13836844905360685       0.13792734178630509       0.13792665977934643     
  0.14151318653209788       0.14104133582351736       0.14104063841884640     
  0.14465792401058897       0.14415393505138671       0.14415322225589924     
  0.14780266148908000       0.14726510868828116       0.14726438050902690     
  0.15094739896757109       0.15037482596666707       0.15037408241084713     
  0.15409213644606215       0.15348305613341312       0.15348229720838036     
  0.15723687392455321       0.15658976845009467       0.15658899416335592     
  0.16038161140304427       0.15969493219329761       0.15969414255250844     
  0.16352634888153533       0.16279851665492226       0.16279771166789234     
  0.16667108636002642       0.16590049114248703       0.16589967081717708     
  0.16981582383851745       0.16900082497943192       0.16899998932395394     
  0.17296056131700852       0.17209948750542198       0.17209863652804180     
  0.17610529879549960       0.17519644807665047       0.17519558178578187     
  0.17925003627399066       0.17829167606614180       0.17829079447035256     
  0.18239477375248175       0.18138514086405463       0.18138424397206307     
  0.18553951123097279       0.18447681187798437       0.18447589969865963     
  0.18868424870946385       0.18756665853326593       0.18756573107563079     
  0.19182898618795491       0.19065465027327588       0.19065370754650032     
  0.19497372366644597       0.19374075655973477       0.19373979857314252     
  0.19811846114493709       0.19682494687300911       0.19682397363607385     
  0.20126319862342809       0.19990719071241295       0.19990620223475891     
  0.20440793610191918       0.20298745759651013       0.20298645388791398     
  0.20755267358041024       0.20606571706341500       0.20606469813380213     
  0.21069741105890130       0.20914193867109410       0.20914090453054107     
  0.21384214853739239       0.21221609199766717       0.21221504265640093     
  0.21698688601588342       0.21528814664170776       0.21528708211010572     
  0.22013162349437448       0.21835807222254425       0.21835699251113388     
  0.22327636097286555       0.22142583838056004       0.22142474350001901     
  0.22642109845135661       0.22449141477749379       0.22449030473864984     
  0.22956583592984772       0.22755477109673963       0.22755364591057023     
  0.23271057340833876       0.23061587704364667       0.23061473672127930     
  0.23585531088682982       0.23367470234581894       0.23367354689853059     
  0.23900004836532088       0.23673121675341455       0.23673004619263188     
  0.24214478584381194       0.23978539003944485       0.23978420437674403     
  0.24528952332230303       0.24283719200007348       0.24283599124717986     
  0.24843426080079406       0.24588659245491484       0.24588537662370319     
  0.25157899827928515       0.24893356124733290       0.24893233034982695     
  0.25472373575777618       0.25197806824473906       0.25197682229311347     
  0.25786847323626727       0.25502008333889042       0.25501882234546314     
  0.26101321071475836       0.25805957644618732       0.25805830042342892     
  0.26415794819324939       0.26109651750797097       0.26109522646850403     
  0.26730268567174043       0.26413087649082079       0.26412957044741114     
  0.27044742315023151       0.26716262338685132       0.26716130235241675     
  0.27359216062872260       0.27019172821400889       0.27019039220160967     
  0.27673689810721369       0.27321816101636814       0.27321681003921677     
  0.27988163558570472       0.27624189186442849       0.27624052593588905     
  0.28302637306419576       0.27926289085540995       0.27926150998898869     
  0.28617111054268685       0.28228112811354894       0.28227973232290371     
  0.28931584802117793       0.28529657379039342       0.28529516308932368     
  0.29246058549966902       0.28830919806509853       0.28830777246755523     
  0.29560532297816000       0.29131897114472116       0.29131753066480670     
  0.29875006045665109       0.29432586326451493       0.29432440791647474     
  0.30189479793514218       0.29732984468822404       0.29732837448644844     
  0.30503953541363327       0.30033088570837785       0.30032940066740199     
  0.30818427289212430       0.30332895664658421       0.30332745678109851     
  0.31132901037061533       0.30632402785382346       0.30632251317866277     
  0.31447374784910642       0.30931606971074127       0.30931454024088473     
  0.31761848532759751       0.31230505262794162       0.31230350837851251     
  0.32076322280608854       0.31529094704627941       0.31528938803254508     
  0.32390796028457963       0.31827372343715310       0.31827214967453549     
  0.32705269776307067       0.32125335230279606       0.32125176380686116     
  0.33019743524156175       0.32422980417656916       0.32422820096302596     
  0.33334217272005284       0.32720304962325125       0.32720143170795235     
  0.33648691019854388       0.33017305923933099       0.33017142663827187     
  0.33963164767703491       0.33313980365329726       0.33313815638262800     
  0.34277638515552600       0.33610325352592979       0.33610159160194319     
  0.34592112263401703       0.33906337955058907       0.33906170298972066     
  0.34906586011250818       0.34202015245350664       0.34201846127233393     
  0.35221059759099921       0.34497354299407390       0.34497183720931679     
  0.35535533506949024       0.34792352196513188       0.34792180159366448     
  0.35850007254798133       0.35087006019326000       0.35086832525209799     
  0.36164481002647236       0.35381312853906410       0.35381137904536525     
  0.36478954750496351       0.35675269789746539       0.35675093386852819     
  0.36793428498345448       0.35968873919798727       0.35968696065125216     
  0.37107902246194557       0.36262122340504405       0.36261943035810451     
  0.37422375994043661       0.36555012151822691       0.36554831398881782     
  0.37736849741892770       0.36847540457259159       0.36847358257858825     
  0.38051323489741884       0.37139704363894427       0.37139520719836228     
  0.38365797237590982       0.37431500982412769       0.37431315895512324     
  0.38680270985440091       0.37722927427130759       0.37722740899218965     
  0.38994744733289194       0.38013980816025700       0.38013792848947486     
  0.39309218481138303       0.38304658270764214       0.38304468866378455     
  0.39623692228987417       0.38594956916730661       0.38594766076910159     
  0.39938165976836515       0.38884873883055565       0.38884681609687083     
  0.40252639724685618       0.39174406302644060       0.39174212597629587     
  0.40567113472534727       0.39463551312204165       0.39463356177459608     
  0.40881587220383836       0.39752306052275160       0.39752109489729992     
  0.41196060968232945       0.40040667667255825       0.40040469678853935     
  0.41510534716082048       0.40328633305432710       0.40328433893132076     
  0.41825008463931151       0.40616200119008322       0.40615999284781001     
  0.42139482211780260       0.40903365264129299       0.40903163009961413     
  0.42453955959629364       0.41190125900914504       0.41189922228806231     
  0.42768429707478478       0.41476479193483157       0.41476274105448663     
  0.43082903455327576       0.41762422309982816       0.41762215808050318     
  0.43397377203176685       0.42047952422617474       0.42047744508829121     
  0.43711850951025794       0.42333066707675426       0.42332857384087363     
  0.44026324698874897       0.42617762345557247       0.42617551614239557     
  0.44340798446724011       0.42902036520803694       0.42901824383840359     
  0.44655272194573109       0.43185886422123465       0.43185672881612414     
  0.44969745942422218       0.43469309242421128       0.43469094300474109     
  0.45284219690271321       0.43752302178824759       0.43752085837567434     
  0.45598693438120430       0.44034862432713739       0.44034644694285580     
  0.45913167185969544       0.44316987209746400       0.44316768076300689     
  0.46227640933818642       0.44598673719887638       0.44598453193591492     
  0.46542114681667751       0.44879919177436578       0.44879697260470841     
  0.46856588429516854       0.45160720801054038       0.45160497495613339     
  0.47171062177365963       0.45441075813790094       0.45440851122082770     
  0.47485535925215078       0.45720981443111508       0.45720755367359622     
  0.47800009673064175       0.46000434920929145       0.46000207463368453     
  0.48114483420913279       0.46279433483625398       0.46279204646505301     
  0.48428957168762388       0.46557974372081457       0.46557744157665015     
  0.48743430916611497       0.46836054831704627       0.46835823242268504     
  0.49057904664460605       0.47113672112455557       0.47113439150290037     
  0.49372378412309709       0.47390823468875443       0.47390589136284367     
  0.49686852160158812       0.47667506160113177       0.47667270459413952     
  0.50001325908007921       0.47943717449952461       0.47943480383476011     
  0.50315799655857030       0.48219454606838852       0.48219216176929613     
  0.50630273403706139       0.48494714903906772       0.48494475112922669     
  0.50944747151555236       0.48769495619006487       0.48769254469318907     
  0.51259220899404345       0.49043794034731042       0.49043551528725499     
  0.51573694647253454       0.49317607438443106       0.49317363578516416     
  0.51888168395102563       0.49590933122301800       0.49590687910865594     
  0.52202642142951672       0.49863768383289492       0.49863521822770163     
  0.52517115890800770       0.50136110523238520       0.50135862616073690     
  0.52831589638649878       0.50407956848857882       0.50407707597499907     
  0.53146063386498987       0.50679304671759862       0.50679054078672237     
  0.53460537134348085       0.50950151308486613       0.50949899376147578     
  0.53775010882197205       0.51220494080536727       0.51220240811439122     
  0.54089484630046303       0.51490330314391641       0.51490075711039462     
  0.54403958377895412       0.51759657341542198       0.51759401406454031     
  0.54718432125744521       0.52028472498514944       0.52028215234220332     
  0.55032905873593618       0.52296773126898477       0.52296514535941641     
  0.55347379621442738       0.52564556573369814       0.52564296658309484     
  0.55661853369291836       0.52831820189720480       0.52831558953126356     
  0.55976327117140945       0.53098561332882899       0.53098298777339170     
  0.56290800864990054       0.53364777364956351       0.53364513493058008     
  0.56605274612839152       0.53630465653233139       0.53630200467589739     
  0.56919748360688271       0.53895623570224649       0.53895357073460204     
  0.57234222108537369       0.54160248493687257       0.54159980688436504     
  0.57548695856386478       0.54424337806648360       0.54424068695560490     
  0.57863169604235587       0.54687888897432158       0.54687618483166944     
  0.58177643352084685       0.54950899159685540       0.54950627444917244     
  0.58492117099933805       0.55213365992403884       0.55213092979821099     
  0.58806590847782902       0.55475286799956658       0.55475012492258569     
  0.59121064595632000       0.55736658992113253       0.55736383392013378     
  0.59435538343481120       0.55997479984068499       0.55997203094290726     
  0.59750012091330218       0.56257747196468211       0.56257469019750839     
  0.60064485839179327       0.56517458055434766       0.56517178594531170     
  0.60378959587028436       0.56776609992592508       0.56776329250263957     
  0.60693433334877533       0.57035200445093170       0.57034918424116887     
  0.61007907082726653       0.57293226855641244       0.57292943558806153     
  0.61322380830575751       0.57550686672519147       0.57550402102626141     
  0.61636854578424860       0.57807577349612660       0.57807291509478353     
  0.61951328326273969       0.58063896346435906       0.58063609238884628     
  0.62265802074123067       0.58319641128156618       0.58319352756028531     
  0.62580275821972187       0.58574809165621144       0.58574519531768021     
  0.62894749569821284       0.58829397935379435       0.58829107042664774     
  0.63209223317670393       0.59083404919710070       0.59083112771013102     
  0.63523697065519502       0.59336827606645093       0.59336534204852465     
  0.63838170813368600       0.59589663489994882       0.59589368838009038     
  0.64152644561217709       0.59841910069372961       0.59841614170107760     
  0.64467118309066818       0.60093564850220638       0.60093267706601528     
  0.64781592056915926       0.60344625343831781       0.60344326958799877     
  0.65096065804765046       0.60595089067377383       0.60594789443880903     
  0.65410539552614133       0.60844953543930047       0.60844652684933020     
  0.65725013300463242       0.61094216302488646       0.61093914210966316     
  0.66039487048312351       0.61342874878002607       0.61342571556941627     
  0.66353960796161449       0.61590926811396329       0.61590622263798978     
  0.66668434544010569       0.61838369649593583       0.61838063878468974     
  0.66982908291859666       0.62085200945541619       0.62084893953914555     
  0.67297382039708775       0.62331418258235516       0.62331110049141925     
  0.67611855787557884       0.62577019152742241       0.62576709729229230     
  0.67926329535406982       0.62822001200224720       0.62821690565354993     
  0.68240803283256102       0.63066361977965946       0.63066050134808749     
  0.68555277031105200       0.63310099069392800       0.63309786021033010     
  0.68869750778954308       0.63553210064100063       0.63552895813633503     
  0.69184224526803406       0.63795692557874228       0.63795377108407747     
  0.69498698274652515       0.64037544152717241       0.64037227507373151     
  0.69813172022501635       0.64278762456870253       0.64278444618777231     
  0.70127645770350733       0.64519345084837232       0.64519026057139439     
  0.70442119518199842       0.64759289657408614       0.64758969443260994     
  0.70756593266048939       0.64998593801684779       0.64998272404253155     
  0.71071067013898048       0.65237255151099538       0.65236932573565098     
  0.71385540761747168       0.65475271345443553       0.65474947590993571     
  0.71700014509596266       0.65712640030887626       0.65712315102724794     
  0.72014488257445364       0.65949358860006024       0.65949032761343662     
  0.72328962005294473       0.66185425491799721       0.66185098225861805     
  0.72643435753143581       0.66420837591719450       0.66420509161745256     
  0.72957909500992701       0.66655592831688892       0.66655263240923524     
  0.73272383248841799       0.66889688890127608       0.66889358141831501     
  0.73586856996690897       0.67123123451974098       0.67122791549418104     
  0.73901330744540006       0.67355894208708622       0.67355561155174126     
  0.74215804492389115       0.67587998858376064       0.67587664657159596     
  0.74530278240238235       0.67819435105608650       0.67819099760012380     
  0.74844751988087321       0.68050200661648708       0.68049864174989971     
  0.75159225735936430       0.68280293244371282       0.68279955619977684     
  0.75473699483785539       0.68509710578306682       0.68509371819516174     
  0.75788173231634648       0.68738450394663009       0.68738110504828609     
  0.76102646979483768       0.68966510431348582       0.68966169413828637     
  0.76417120727332855       0.69193888432994277       0.69193546291162256     
  0.76731594475181963       0.69420582150975918       0.69420238888215346     
  0.77046068223031072       0.69646589343436438       0.69646244963141002     
  0.77360541970880181       0.69871907775308073       0.69871562280886435     
  0.77675015718729301       0.70096535218334444       0.70096188613200339     
  0.77989489466578388       0.70320469451092615       0.70320121738674790     
  0.78303963214427497       0.70543708259015114       0.70543359442752163     
  0.78618436962276605       0.70766249434411721       0.70765899517752251     
  0.78932910710125714       0.70988090776491386       0.70987739762898849     
  0.79247384457974834       0.71209230091383957       0.71208877984326624     
  0.79561858205823921       0.71429665192161862       0.71429311995122891     
  0.79876331953673030       0.71649393898861813       0.71649039615334076     
  0.80190805701522139       0.71868414038506290       0.71868058671992396     
  0.80505279449371236       0.72086723445125012       0.72086366999141394     
  0.80819753197220368       0.72304319959776486       0.72303962437847069     
  0.81134226945069454       0.72521201430569138       0.72520842836229671     
  0.81448700692918563       0.72737365712682855       0.72737006049479569     
  0.81763174440767672       0.72952810668389989       0.72952449939879727     
  0.82077648188616770       0.73167534167076598       0.73167172376826750     
  0.82392121936465890       0.73381534085263500       0.73381171236851905     
  0.82706595684314987       0.73594808306627224       0.73594444403642267     
  0.83021069432164096       0.73807354722021035       0.73806989768061460     
  0.83335543180013194       0.74019171229495695       0.74018805228170681     
  0.83650016927862303       0.74230255734320316       0.74229888689249379     
  0.83964490675711423       0.74440606149003052       0.74440238063816011     
  0.84278964423560521       0.74650220393311717       0.74649851271648737     
  0.84593438171409630       0.74859096394294422       0.74858726239805851     
  0.84907911919258727       0.75067232086299995       0.75066860902646471     
  0.85222385667107836       0.75274625410998508       0.75274253201850749     
  0.85536859414956956       0.75481274317401503       0.75480901086440455     
  0.85851333162806054       0.75687176761882391       0.75686802512799045     
  0.86165806910655152       0.75892330708196598       0.75891955444692072     
  0.86480280658504260       0.76096734127501753       0.76096357853287144     
  0.86794754406353369       0.76300384998377702       0.76300007717174134     
  0.87109228154202489       0.76503281306846505       0.76502903022385027     
  0.87423701902051587       0.76705421046392364       0.76705041762413995     
  0.87738175649900685       0.76906802217981485       0.76906421938237113     
  0.88052649397749794       0.77107422830081851       0.77107041558332168     
  0.88367123145598903       0.77307280898682862       0.77306898638698418     
  0.88681596893448023       0.77506374447314985       0.77505991202876090     
  0.88996070641297120       0.77704701507069318       0.77704317281966007     
  0.89310544389146218       0.77902260116617039       0.77901874914649083     
  0.89625018136995327       0.78099048322228848       0.78098662147205622     
  0.89939491884844436       0.78295064177794194       0.78294677033534743     
  0.90253965632693556       0.78490305744840638       0.78489917635173545     
  0.90568439380542642       0.78684771092552885       0.78684382021316346     
  0.90882913128391751       0.78878458297792053       0.78878068268833701     
  0.91197386876240860       0.79071365445114516       0.79070974462291499     
  0.91511860624089969       0.79263490626790956       0.79263098693969869     
  0.91826334371939089       0.79454831942825221       0.79454439063881999     
  0.92140808119788176       0.79645387500973042       0.79644993679793030     
  0.92455281867637285       0.79835155416760839       0.79834760657238679     
  0.92769755615486393       0.80024133813504317       0.80023738119543908     
  0.93084229363335502       0.80212320822326988       0.80211924197841533     
  0.93398703111184622       0.80399714582178738       0.80399317031090545     
  0.93713176859033709       0.80586313239854102       0.80585914766094757     
  0.94027650606882818       0.80772114950010765       0.80771715557520896     
  0.94342124354731927       0.80957117875187679       0.80956717567917003     
  0.94656598102581035       0.81141320185823240       0.81140918967730569     
  0.94971071850430155       0.81324720060273470       0.81324317935326573     
  0.95285545598279242       0.81507315684829917       0.81506912657005592     
  0.95600019346128351       0.81689105253737715       0.81688701327021618     
  0.95914493093977460       0.81870086969213329       0.81869682147600054     
  0.96228966841826558       0.82050259041462392       0.82049853328955380     
  0.96543440589675678       0.82229619688697420       0.82229213089308884     
  0.96857914337524775       0.82408167137155364       0.82407759654906321     
  0.97172388085373884       0.82585899621115233       0.82585491260035426     
  0.97486861833222993       0.82762815382915500       0.82762406147043366     
  0.97801335581072091       0.82938912672971499       0.82938502566354133     
  0.98115809328921211       0.83114189749792755       0.83113778776485825     
  0.98430283076770309       0.83288644880000151       0.83288233044067939     
  0.98744756824619417       0.83462276338343111       0.83461863643858392     
  0.99059230572468515       0.83635082407716643       0.83634668858760741     
  0.99373704320317624       0.83807061379178371       0.83806646979840993     
  0.99688178068166744       0.83978211551965354       0.83977796306344654     
   1.0000265181601584       0.84148531233510926       0.84148115145713420     
   1.0031712556386494       0.84318018739461487       0.84317601813602028     
   1.0063159931171406       0.84486672393693130       0.84486254633894831     
   1.0094607305956316       0.84654490528328175       0.84654071938722442     
   1.0126054680741228       0.84821471483751754       0.84821052068480562     
   1.0157502055526137       0.84987613608628121       0.84987193371834391     
   1.0188949430311047       0.85152915259917050       0.85152494205756679     
   1.0220396805095959       0.85317374802890078       0.85316952935531853     
   1.0251844179880869       0.85480990611146646       0.85480567934760132     
   1.0283291554665781       0.85643761066630197       0.85643337585397850     
   1.0314738929450691       0.85805684559644169       0.85805260277749051     
   1.0346186304235601       0.85966759488867939       0.85966334410505973     
   1.0377633679020513       0.86126984261372652       0.86126558390752428     
   1.0409081053805422       0.86286357292636906       0.86285930633967611     
   1.0440528428590334       0.86444877006562559       0.86444449564065995     
   1.0471975803375244       0.86602541835490165       0.86602113613388565     
   1.0503423178160154       0.86759350220214582       0.86758921222742824     
   1.0534870552945066       0.86915300610000390       0.86914870841405845     
   1.0566317927729976       0.87070391462597108       0.87069960927127510     
   1.0597765302514888       0.87224621244254630       0.87224189946170150     
   1.0629212677299797       0.87377988429738218       0.87377556373299159     
   1.0660660052084707       0.87530491502343710       0.87530058691822854     
   1.0692107426869617       0.87682128953912453       0.87681695393594983     
   1.0723554801654529       0.87832899284846244       0.87832464979017311     
   1.0755002176439441       0.87982801004122158       0.87982365957079256     
   1.0786449551224351       0.88131832629307250       0.88131396845347720     
   1.0817896926009261       0.88279992686573305       0.88279556170006801     
   1.0849344300794170       0.88427279710711348       0.88426842465859723     
   1.0880791675579082       0.88573692245146129       0.88573254276330959     
   1.0912239050363994       0.88719228841950570       0.88718790153505600     
   1.0943686425148904       0.88863888061860030       0.88863448658118571     
   1.0975133799933814       0.89007668474286594       0.89007228359594082     
   1.1006581174718724       0.89150568657333185       0.89150127836047133     
   1.1038028549503636       0.89292587197807671       0.89292145674284962     
   1.1069475924288548       0.89433722691236739       0.89433280469846332     
   1.1100923299073457       0.89573973741879898       0.89573530826989967     
   1.1132370673858367       0.89713338962743217       0.89712895358733946     
   1.1163818048643277       0.89851816975593080       0.89851372686856501     
   1.1195265423428189       0.89989406410969774       0.89988961441897075     
   1.1226712798213101       0.90126105908201082       0.90125660263195284     
   1.1258160172998011       0.90261914115415653       0.90261467798878781     
   1.1289607547782921       0.90396829689556490       0.90396382705902334     
   1.1321054922567830       0.90530851296394144       0.90530403650048219     
   1.1352502297352742       0.90663977610539948       0.90663529305926627     
   1.1383949672137654       0.90796207315459099       0.90795758357014389     
   1.1415397046922564       0.90927539103483668       0.90927089495642344     
   1.1446844421707474       0.91057971675825611       0.91057521423034005     
   1.1478291796492384       0.91187503742589515       0.91187052849305505     
   1.1509739171277296       0.91316134022785411       0.91315682493465467     
   1.1541186546062208       0.91443861244341429       0.91443409083453486     
   1.1572633920847117       0.91570684144116354       0.91570231356126786     
   1.1604081295632027       0.91696601467912164       0.91696148057298776     
   1.1635528670416937       0.91821611970486394       0.91821157941738329     
   1.1666976045201849       0.91945714415564495       0.91945259773169197     
   1.1698423419986761       0.92068907575851999       0.92068452324308214     
   1.1729870794771671       0.92191190233046683       0.92190734376851313     
   1.1761318169556580       0.92312561177850638       0.92312104721511834     
   1.1792765544341490       0.92433019209982226       0.92432562158019271     
   1.1824212919126400       0.92552563138187904       0.92552105495118164     
   1.1855660293911314       0.92671191780254092       0.92670733550605955     
   1.1887107668696224       0.92788903963018721       0.92788445151318533     
   1.1918555043481134       0.92905698522382985       0.92905239133168127     
   1.1950002418266044       0.93021574303322796       0.93021114341141575     
   1.1981449793050953       0.93136530159900177       0.93136069629298723     
   1.2012897167835865       0.93250564955274640       0.93250103860809941     
   1.2044344542620777       0.93363677561714387       0.93363215907943697     
   1.2075791917405687       0.93475866860607471       0.93475404652090988     
   1.2107239292190597       0.93587131742472918       0.93586668983786891     
   1.2138686666975507       0.93697471106971619       0.93697007802695087     
   1.2170134041760419       0.93806883862917256       0.93806420017632020     
   1.2201581416545331       0.93915368928287080       0.93914904546577582     
   1.2233028791330240       0.94022925230232590       0.94022460316685974     
   1.2264476166115150       0.94129551705090209       0.94129086264309492     
   1.2295923540900060       0.94235247298391733       0.94234781334982498     
   1.2327370915684972       0.94340010964874788       0.94339544483445137     
   1.2358818290469884       0.94443841668493178       0.94443374673653624     
   1.2390265665254794       0.94546738382427087       0.94546270878790550     
   1.2421713040039704       0.94648700089093296       0.94648232081288464     
   1.2453160414824613       0.94749725780155214       0.94749257272813070     
   1.2484607789609525       0.94849814456532844       0.94849345454286638     
   1.2516055164394437       0.94948965128412655       0.94948495635897823     
   1.2547502539179347       0.95047176815257395       0.95046706837111516     
   1.2578949913964257       0.95144448545815785       0.95143978086692049     
   1.2610397288749167       0.95240779358132110       0.95240308422685782     
   1.2641844663534079       0.95336168299555768       0.95335696892444066     
   1.2673292038318991       0.95430614426750604       0.95430142552632757     
   1.2704739413103900       0.95524116805704340       0.95523644469241464     
   1.2736186787888810       0.95616674511737765       0.95616201717606397     
   1.2767634162673720       0.95708286629513883       0.95707813382392359     
   1.2799081537458632       0.95798952253046954       0.95798478557615407     
   1.2830528912243542       0.95888670485711480       0.95888196346651733     
   1.2861976287028456       0.95977440440251072       0.95976965862246577     
   1.2893423661813364       0.96065261238787136       0.96064786226536669     
   1.2924871036598273       0.96152132012827729       0.96151656571031563     
   1.2956318411383185       0.96238051903275990       0.96237576036635952     
   1.2987765786168095       0.96323020060438702       0.96322543773658076     
   1.3019213160953009       0.96407035644034700       0.96406558941818166     
   1.3050660535737917       0.96490097823203125       0.96489620710270474     
   1.3082107910522827       0.96572205776511744       0.96571728257584055     
   1.3113555285307736       0.96653358691964986       0.96652880771764615     
   1.3145002660092648       0.96733555767011981       0.96733077450262517     
   1.3176450034877563       0.96812796208554552       0.96812317499980716     
   1.3207897409662470       0.96891079232954958       0.96890600137296401     
   1.3239344784447380       0.96968404066043767       0.96967924588041199     
   1.3270792159232290       0.97044769943127429       0.97044290087522589     
   1.3302239534017202       0.97120176108995881       0.97119695880531443     
   1.3333686908802114       0.97194621817929949       0.97194141221349573     
   1.3365134283587023       0.97268106333708804       0.97267625373770805     
   1.3396581658371933       0.97340628929617201       0.97340147611080741     
   1.3428029033156843       0.97412188888452667       0.97411707216077681     
   1.3459476407941755       0.97482785502532610       0.97482303481079757     
   1.3490923782726667       0.97552418073701297       0.97551935707931914     
   1.3522371157511577       0.97621085913336769       0.97620603208026702     
   1.3553818532296487       0.97688788342357635       0.97688305302283307     
   1.3585265907081396       0.97755524691229845       0.97755041321168212     
   1.3616713281866308       0.97821294299973227       0.97820810604701736     
   1.3648160656651220       0.97886096518168075       0.97885612502464603     
   1.3679608031436128       0.97949930704961552       0.97949446373618287     
   1.3711055406221040       0.98012796229074051       0.98012311586883483     
   1.3742502781005950       0.98074692468805413       0.98074207520560364     
   1.3773950155790862       0.98135618812041092       0.98135133562534593     
   1.3805397530575774       0.98195574656258200       0.98195089110283484     
   1.3836844905360681       0.98254559408531472       0.98254073570895861     
   1.3868292280145593       0.98312572485539118       0.98312086361050044     
   1.3899739654930503       0.98369613313568616       0.98369126907033533     
   1.3931187029715415       0.98425681328522363       0.98425194644748726     
   1.3962634404500327       0.98480775975923240       0.98480289019718448     
   1.3994081779285235       0.98534896710920139       0.98534409487105490     
   1.4025529154070147       0.98588042998293335       0.98587555511689939     
   1.4056976528855056       0.98640214312459751       0.98639726567888564     
   1.4088423903639968       0.98691410137478186       0.98690922139759873     
   1.4119871278424880       0.98741629967054401       0.98741141721009351     
   1.4151318653209788       0.98790873304546123       0.98790384815008403     
   1.4182766027994700       0.98839139662968023       0.98838650934771266     
   1.4214213402779610       0.98886428564996398       0.98885939602973827     
   1.4245660777564519       0.98932739542974013       0.98932250351958351     
   1.4277108152349434       0.98978072138914686       0.98977582723738078     
   1.4308555527134341       0.99022425904507771       0.99021936270015876     
   1.4340002901919253       0.99065800401122694       0.99065310552160479     
   1.4371450276704163       0.99108195199813176       0.99107705141224944     
   1.4402897651489073       0.99149609881321565       0.99149119617950865     
   1.4434345026273987       0.99190044036082925       0.99189553572772515     
   1.4465792401058895       0.99229497264229105       0.99229006605835002     
   1.4497239775843807       0.99267969175592718       0.99267478326970038     
   1.4528687150628716       0.99305459389710971       0.99304968355713885     
   1.4560134525413626       0.99341967535829401       0.99341476321311117     
   1.4591581900198540       0.99377493252905635       0.99377001862718295     
   1.4623029274983448       0.99412036189612840       0.99411544628621651     
   1.4654476649768360       0.99445596004343306       0.99445104277412288     
   1.4685924024553270       0.99478172365211737       0.99477680477203778     
   1.4717371399338179       0.99509764950058588       0.99509272905835322     
   1.4748818774123094       0.99540373446453256       0.99539881250875017     
   1.4780266148908001       0.99569997551697098       0.99569505209637055     
   1.4811713523692911       0.99598636972826526       0.99598144489156459     
   1.4843160898477823       0.99626291426615821       0.99625798806206090     
   1.4874608273262733       0.99652960639579991       0.99652467887299456     
   1.4906055648047647       0.99678644347977430       0.99678151468693432     
   1.4937503022832554       0.99703342297812547       0.99702849296405027     
   1.4968950397617464       0.99727054244838287       0.99726561126185542     
   1.5000397772402376       0.99749779954558548       0.99749286723537212     
   1.5031845147187286       0.99771519202230463       0.99771025863715446     
   1.5063292521972200       0.99792271772866681       0.99791778331731096     
   1.5094739896757108       0.99812037461237413       0.99811543922366786     
   1.5126187271542018       0.99830816071872563       0.99830322440150487     
   1.5157634646326930       0.99848607419063573       0.99848113699371777     
   1.5189082021111839       0.99865411326865305       0.99864917524083519     
   1.5220529395896754       0.99881227629097791       0.99880733748103712     
   1.5251976770681661       0.99896056169347802       0.99895562215031308     
   1.5283424145466571       0.99909896800970499       0.99909402778219314     
   1.5314871520251483       0.99922749387090815       0.99922255300790497     
   1.5346318895036393       0.99934613800604821       0.99934119655638753     
   1.5377766269821307       0.99945489924181008       0.99944995725430263     
   1.5409213644606214       0.99955377650261390       0.99954883402618977     
   1.5440661019391124       0.99964276881062641       0.99963782589419203     
   1.5472108394176036       0.99972187528577017       0.99971693197820777     
   1.5503555768960946       0.99979109514573228       0.99978615149589956     
   1.5535003143745860       0.99985042770597210       0.99984548376270199     
   1.5566450518530768       0.99989987237972855       0.99989492819197001     
   1.5597897893315678       0.99993942867802488       0.99993448429470155     
   1.5629345268100590       0.99996909620967456       0.99996415167968311     
   1.5660792642885499       0.99998887468128450       0.99998393005349473     
   1.5692240017670414       0.99999876389725806       0.99999381922051245     
   1.5723687392455321       0.99999876375979724       0.99999381908305240     
   1.5755134767240231       0.99998887426890348       0.99998392964108729     
   1.5786582142025143       0.99996909552237745       0.99996415099238933     
   1.5818029516810053       0.99993942771581834       0.99993448333252832     
   1.5849476891594967       0.99989987114262224       0.99989492695486992     
   1.5880924266379874       0.99985042619397824       0.99984548225071546     
   1.5912371641164784       0.99979109335886562       0.99978614970901347     
   1.5943819015949696       0.99972187322404860       0.99971692991649630     
   1.5975266390734606       0.99964276647407024       0.99963782355767594     
   1.6006713765519520       0.99955377389124633       0.99954883141483508     
   1.6038161140304428       0.99945489635565676       0.99944995436816364     
   1.6069608515089338       0.99934613484513790       0.99934119339546434     
   1.6101055889874247       0.99922749043527193       0.99922254957225742     
   1.6132503264659159       0.99909896429937695       0.99909402407188330     
   1.6163950639444074       0.99896055770849468       0.99895561816537781     
   1.6195398014228981       0.99881227203137879       0.99880733322148751     
   1.6226845389013891       0.99865410873448046       0.99864917070665649     
   1.6258292763798801       0.99848606938193429       0.99848113218501167     
   1.6289740138583713       0.99830815563554287       0.99830321931834742     
   1.6321187513368625       0.99812036925476044       0.99811543386610890     
   1.6352634888153534       0.99792271209667505       0.99791777768537560     
   1.6384082262938444       0.99771518611599064       0.99771025273084135     
   1.6415529637723354       0.99749779336500766       0.99749286105479640     
   1.6446977012508266       0.99727053599360227       0.99726560480710669     
   1.6478424387293178       0.99703341624920583       0.99702848623519225     
   1.6509871762078088       0.99678643647678222       0.99678150768400531     
   1.6541319136862997       0.99652959911880479       0.99652467159600711     
   1.6572766511647907       0.99626290671523199       0.99625798051114356     
   1.6604213886432819       0.99598636190348244       0.99598143706682052     
   1.6635661261217731       0.99569996741840905       0.99569504399787701     
   1.6667108636002639       0.99540372609227157       0.99539880413655890     
   1.6698556010787551       0.99509764085470875       0.99509272041249053     
   1.6730003385572461       0.99478171473270949       0.99477679585264567     
   1.6761450760357373       0.99445595085058269       0.99445103358131792     
   1.6792898135142285       0.99412035242992647       0.99411543682008952     
   1.6824345509927192       0.99377492278959634       0.99377000888779943     
   1.6855792884712104       0.99341966534567239       0.99341475320051087     
   1.6887240259497014       0.99305458361142529       0.99304967327147708     
   1.6918687634281926       0.99267968119728189       0.99267477271110727     
   1.6950135009066838       0.99229496181078924       0.99229005522693003     
   1.6981582383851745       0.99190042925657806       0.99189552462355701     
   1.7013029758636657       0.99149608743632489       0.99149118480264598     
   1.7044477133421567       0.99108194034871389       0.99107703976286099     
   1.7075924508206479       0.99065799208939720       0.99065309359983389     
   1.7107371882991391       0.99022424685095400       0.99021935050612342     
   1.7138819257776299       0.98978070892284975       0.98977581477117349     
   1.7170266632561211       0.98932738269139298       0.98932249078127121     
   1.7201714007346121       0.98886427263969268       0.98885938301950316     
   1.7233161382131030       0.98839138334761345       0.98838649606571150     
   1.7264608756915945       0.98790871949173031       0.98790383459644815     
   1.7296056131700852       0.98741628584528296       0.98741140338492883     
   1.7327503506485764       0.98691408727812746       0.98690920730098619     
   1.7358950881270674       0.98640212875668931       0.98639725131102041     
   1.7390398256055584       0.98588041534391324       0.98587554047795178     
   1.7421845630840498       0.98534895219921426       0.98534407996116946     
   1.7453293005625405       0.98480774457842557       0.98480287501648078     
   1.7484740380410317       0.98425679783374720       0.98425193099605934     
   1.7516187755195227       0.98369611741369312       0.98369125334839214     
   1.7547635129980137       0.98312570886303696       0.98312084761822516     
   1.7579082504765051       0.98254557782275731       0.98254071944650967     
   1.7610529879549959       0.98195573002998249       0.98195087457034491     
   1.7641977254334871       0.98135617131793262       0.98135131882292281     
   1.7673424629119781       0.98074690761586325       0.98074205813346926     
   1.7704872003904690       0.98012794494900590       0.98012309852718593     
   1.7736319378689605       0.97949928943850861       0.97949444612519088     
   1.7767766753474512       0.97886094730137585       0.97885610714445725     
   1.7799214128259424       0.97821292485040601       0.97820808789775315     
   1.7830661503044334       0.97755522849413046       0.97755039479357742     
   1.7862108877829244       0.97688786473674882       0.97688303433609780     
   1.7893556252614158       0.97621084017806514       0.97620601312508604     
   1.7925003627399065       0.97552416151342325       0.97551933785585221     
   1.7956451002183975       0.97482783553363916       0.97482301531917925     
   1.7987898376968887       0.97412186912493515       0.97411705240125523     
   1.8019345751753797       0.97340626926887142       0.97340145608360573     
   1.8050793126538711       0.97268104304227632       0.97267623344302445     
   1.8082240501323619       0.97194619761717749       0.97194139165150317     
   1.8113687876108528       0.97120174026072992       0.97119693797616091     
   1.8145135250893440       0.97044767833514445       0.97044287977917265     
   1.8176582625678350       0.96968401929761538       0.96967922451769528     
   1.8208030000463264       0.96891077070024600       0.96890597974379511     
   1.8239477375248172       0.96812794018997472       0.96812315310437236     
   1.8270924750033082       0.96733553550849860       0.96733075234108590     
   1.8302372124817994       0.96653356449219707       0.96652878529027686     
   1.8333819499602904       0.96572203507205501       0.96571725988289026     
   1.8365266874387818       0.96490095527358333       0.96489618414439793     
   1.8396714249172725       0.96407033321674085       0.96406556619471784     
   1.8428161623957635       0.96323017711585235       0.96322541424813490     
   1.8459608998742547       0.96238049527952896       0.96237573661321862     
   1.8491056373527457       0.96152129611058501       0.96151654169274203     
   1.8522503748312371       0.96065258810595511       0.96064783798359787     
   1.8553951123097279       0.95977437985661063       0.95976963407671456     
   1.8585398497882188       0.95888668004747390       0.95888193865697180     
   1.8616845872667100       0.95798949745733297       0.95798476050311421     
   1.8648293247452010       0.95708284095875462       0.95707810848766450     
   1.8679740622236924       0.95616671951799614       0.95616199157683635     
   1.8711187997021832       0.95524114219491807       0.95523641883044430     
   1.8742635371806742       0.95430611814289246       0.95430139940181613     
   1.8774082746591654       0.95336165660871419       0.95335694253770065     
   1.8805530121376564       0.95240776693250895       0.95240305757817723     
   1.8836977496161478       0.95144445854764015       0.95143975395656299     
   1.8868424870946385       0.95047174098061704       0.95046704119931968     
   1.8899872245731295       0.94948962385099911       0.94948492892595948     
   1.8931319620516207       0.94849811687130181       0.94849342684894966     
   1.8962766995301117       0.94749722984690021       0.94749254477361688     
   1.8994214370086031       0.94648697267593207       0.94648229259805017     
   1.9025661744870939       0.94546735534920012       0.94546268031300240     
   1.9057109119655848       0.94443838795007273       0.94443371800179254     
   1.9088556494440758       0.94340008065438485       0.94339541584020481     
   1.9120003869225670       0.94235244373033689       0.94234778409638920     
   1.9151451244010584       0.94129548753839354       0.94129083313075901     
   1.9182898618795492       0.94022922253118124       0.94022457339588894     
   1.9214345993580402       0.93915365925338434       0.93914901543641127     
   1.9245793368365312       0.93806880834164141       0.93806416988891206     
   1.9277240743150224       0.93697468052443966       0.93697004748182544     
   1.9308688117935136       0.93587128662200947       0.93586665903532795     
   1.9340135492720045       0.93475863754621635       0.93475401546123171     
   1.9371582867504955       0.93363674430045407       0.93363212776287563     
   1.9403030242289865       0.93250561797953502       0.93250100703501748     
   1.9434477617074777       0.93136526976958089       0.93136066446372368     
   1.9465924991859689       0.93021571094791233       0.93021111132625878     
   1.9497372366644599       0.92905695288293677       0.92905235899097438     
   1.9528819741429508       0.92788900703403643       0.92788441891719586     
   1.9560267116214418       0.92671188495145496       0.92670730265510959     
   1.9591714490999330       0.92552559827618286       0.92552102184564899     
   1.9623161865784242       0.92433015873984303       0.92432558822037847     
   1.9654609240569150       0.92312557816457419       0.92312101360137844     
   1.9686056615354062       0.92191186846291384       0.92190730990112779     
   1.9717503990138971       0.92068904163768139       0.92068448912238599     
   1.9748951364923883       0.91945710978185813       0.91945256335807501     
   1.9780398739708795       0.91821608507846875       0.91821154479115941     
   1.9811846114493703       0.91696597980046068       0.91696144569452520     
   1.9843293489278615       0.91570680631058154       0.91570227843085972     
   1.9874740864063525       0.91443857706125875       0.91443405545252832     
   1.9906188238848437       0.91316130459447498       0.91315678930145172     
   1.9937635613633349       0.91187500154164469       0.91187049260898223     
   1.9969082988418256       0.91057968062348937       0.91057517809577782     
   2.0000530363203168       0.90927535464991083       0.90927085857167766     
   2.0031977737988078       0.90796203651986596       0.90795754693557429     
   2.0063425112772988       0.90663973922123764       0.90663525617528662     
   2.0094872487557902       0.90530847583070739       0.90530399936743178     
   2.0126319862342812       0.90396825951362592       0.90396378967734603     
   2.0157767237127726       0.90261910352388208       0.90261464035869987     
   2.0189214611912631       0.90126102120377338       0.90125656475382576     
   2.0220661986697541       0.89989402598387203       0.89988957629333344     
   2.0252109361482455       0.89851813138289338       0.89851368849571744     
   2.0283556736267365       0.89713335100756286       0.89712891496773739     
   2.0315004111052275       0.89573969855247959       0.89573526940377279     
   2.0346451485837185       0.89433718779998228       0.89433276558619523     
   2.0377898860622095       0.89292583262001279       0.89292141738498021     
   2.0409346235407009       0.89150564696997825       0.89150123875731357     
   2.0440793610191919       0.89007664489461424       0.89007224374796190     
   2.0472240984976828       0.88863884052584463       0.88863444648862855     
   2.0503688359761738       0.88719224808264263       0.88718786119831672     
   2.0535135734546648       0.88573688187088984       0.88573250218293864     
   2.0566583109331562       0.88427275628323465       0.88426838383492035     
   2.0598030484116472       0.88279988579895075       0.88279552063356381     
   2.0629477858901382       0.88131828498379283       0.88131392714440204     
   2.0660925233686291       0.87982796848985301       0.87982361801955444     
   2.0692372608471201       0.87832895105541609       0.87832460799733325     
   2.0723819983256115       0.87682124750481338       0.87681691190184652     
   2.0755267358041025       0.87530487274827695       0.87530054464335194     
   2.0786714732825935       0.87377984178179124       0.87377552121761104     
   2.0818162107610845       0.87224616968694491       0.87224185670623711     
   2.0849609482395755       0.87070387163078222       0.87069956627629863     
   2.0881056857180669       0.86915296286565236       0.86914866517992095     
   2.0912504231965579       0.86759345872905969       0.86758916875463066     
   2.0943951606750488       0.86602537464351048       0.86602109242271086     
   2.0975398981535398       0.86444872611636181       0.86444445169153972     
   2.1006846356320308       0.86286352873966743       0.86285926215319275     
   2.1038293731105222       0.86126979819002358       0.86126553948404116     
   2.1069741105890132       0.85966755022841490       0.85966329944508912     
   2.1101188480675042       0.85805680070005719       0.85805255788132828     
   2.1132635855459951       0.85643756553424133       0.85643333072206795     
   2.1164083230244861       0.85480986074417620       0.85480563398053533     
   2.1195530605029775       0.85317370242682933       0.85316948375347268     
   2.1226977979814681       0.85152910676276927       0.85152489622146443     
   2.1258425354599595       0.84987609001600295       0.84987188764829391     
   2.1289872729384505       0.84821466853381811       0.84821047438126285     
   2.1321320104169414       0.84654485874661922       0.84654067285079182     
   2.1352767478954329       0.84486667716776542       0.84486249957001402     
   2.1384214853739234       0.84318014039340872       0.84317597113509413     
   2.1415662228524148       0.84148526510232713       0.84148110422458600     
   2.1447109603309058       0.83978206805576283       0.83977791559974269     
   2.1478556978093968       0.83807056609725394       0.83806642210411586     
   2.1510004352878882       0.83635077615246889       0.83634664066314701     
   2.1541451727663787       0.83462271522904019       0.83461858828447821     
   2.1572899102448702       0.83288640041639295       0.83288228205731030     
   2.1604346477233611       0.83114184888558007       0.83113773915270384     
   2.1635793852018521       0.82938907788910943       0.82938497682317713     
   2.1667241226803435       0.82762810476077409       0.82762401240229555     
   2.1698688601588341       0.82585894691548178       0.82585486330497404     
   2.1730135976373255       0.82408162184908040       0.82407754702683522     
   2.1761583351158165       0.82229614713818833       0.82229208114450203     
   2.1793030725943074       0.82050254044001747       0.82049848331519426     
   2.1824478100727989       0.81870081949220019       0.81869677127631590     
   2.1855925475512894       0.81689100211261434       0.81688696284574880     
   2.1887372850297808       0.81507310619920481       0.81506907592121225     
   2.1918820225082718       0.81324714972980983       0.81324312848054614     
   2.1950267599867628       0.81141315076198028       0.81140913858130603     
   2.1981714974652542       0.80957112743280235       0.80956712436034972     
   2.2013162349437447       0.80772109795871905       0.80771710403412067     
   2.2044609724222362       0.80586308063534728       0.80585909589801008     
   2.2076057099007271       0.80399709383730067       0.80399311832663012     
   2.2107504473792181       0.80212315601800455       0.80211918977340790     
   2.2138951848577095       0.80024128570951503       0.80023732877017051     
   2.2170399223362001       0.79835150152233658       0.79834755392742018     
   2.2201846598146915       0.79645382214523475       0.79644988393369653     
   2.2233293972931825       0.79454826634505593       0.79454433755584097     
   2.2264741347716734       0.79263485296653768       0.79263093363859016     
   2.2296188722501649       0.79071360093212439       0.79070969110415923     
   2.2327636097286554       0.78878452924178077       0.78878062895250745     
   2.2359083472071468       0.78684765697280101       0.78684376626070274     
   2.2390530846856378       0.78490300327962415       0.78489912218317637     
   2.2421978221641288       0.78295058739364121       0.78294671595131538     
   2.2453425596426202       0.78099042862300661       0.78098656687304469     
   2.2484872971211107       0.77902254635244805       0.77901869433308324     
   2.2516320345996022       0.77704696004307161       0.77704311779231117     
   2.2547767720780931       0.77506368923217372       0.77505985678801381     
   2.2579215095565841       0.77307275353304428       0.77306893093347395     
   2.2610662470350755       0.77107417263477407       0.77107035991755279     
   2.2642109845135661       0.76906796630206142       0.76906416350493711     
   2.2673557219920575       0.76705415437501301       0.76705036153550710     
   2.2705004594705485       0.76503275676895222       0.76502897392457236     
   2.2736451969490394       0.76300379347421898       0.76300002066246253     
   2.2767899344275309       0.76096728455597284       0.76096352181410754     
   2.2799346719060214       0.75892325015399598       0.75891949751927490     
   2.2830794093845128       0.75687171048249091       0.75686796799194056     
   2.2862241468630038       0.75481268582988459       0.75480895352051447     
   2.2893688843414948       0.75274619655862418       0.75274247446743114     
   2.2925136218199862       0.75067226310497759       0.75066855126872811     
   2.2956583592984767       0.74859090597883193       0.74858720443427507     
   2.2988030967769681       0.74650214576348772       0.74649845454714592     
   2.3019478342554591       0.74440600311545935       0.74440232226383529     
   2.3050925717339501       0.74230249876426768       0.74229882831384775     
   2.3082373092124415       0.74019165351223615       0.74018799349927700     
   2.3113820466909321       0.73807348823428620       0.73806983869502363     
   2.3145267841694235       0.73594802387772740       0.73594438484817093     
   2.3176715216479145       0.73381528146205510       0.73381165297819106     
   2.3208162591264054       0.73167528207873855       0.73167166417653440     
   2.3239609966048969       0.72952804689101380       0.72952443960620705     
   2.3271057340833874       0.72737359713367566       0.72737000050198031     
   2.3302504715618788       0.72521195411286443       0.72520836816976775     
   2.3333952090403698       0.72304313920585928       0.72303956398682279     
   2.3365399465188608       0.72086717386086352       0.72086360940132654     
   2.3396846839973522       0.71868407959679381       0.71868052593196596     
   2.3428294214758427       0.71649387800306852       0.71649033516813299     
   2.3459741589543341       0.71429659073939089       0.71429305876930405     
   2.3491188964328251       0.71209223953553902       0.71208871846522870     
   2.3522636339113161       0.70988084619114766       0.70987733605551651     
   2.3554083713898075       0.70766243257549399       0.70765893340921493     
   2.3585531088682981       0.70543702062728220       0.70543353246499885     
   2.3616978463467895       0.70320463235442376       0.70320115523055315     
   2.3648425838252800       0.70096528983382367       0.70096182378275085     
   2.3679873213037714       0.69871901521115787       0.69871556026724080     
   2.3711320587822629       0.69646583070065793       0.69646238689802398     
   2.3742767962607534       0.69420575858488998       0.69420232595763454     
   2.3774215337392448       0.69193882121453254       0.69193539979652485     
   2.3805662712177353       0.68966504100815929       0.68966163083323329     
   2.3837110086962268       0.68738444045201286       0.68738104155397317     
   2.3868557461747177       0.68509704209978706       0.68509365451220661     
   2.3900004836532087       0.68280286857240025       0.68279949232881865     
   2.3931452211317001       0.68050194255777297       0.68049857769150290     
   2.3962899586101907       0.67819428681060501       0.67819093335492109     
   2.3994346960886821       0.67587992415214659       0.67587658214029112     
   2.4025794335671731       0.67355887746997722       0.67355554693496122     
   2.4057241710456641       0.67123116971777586       0.67122785069257429     
   2.4088689085241555       0.66889682391509531       0.66889351643245609     
   2.4120136460026460       0.66655586314713589       0.66655256723980394     
   2.4151583834811374       0.66420831056451313       0.66420502626508526     
   2.4183031209596284       0.66185418938303409       0.66185091672395058     
   2.4214478584381194       0.65949352288346352       0.65949026189720206     
   2.4245925959166108       0.65712633441129531       0.65712308512999340     
   2.4277373333951013       0.65475264737652283       0.65474940983234931     
   2.4308820708735928       0.65237248525340386       0.65236925947837809     
   2.4340268083520837       0.64998587158023280       0.64998265760621732     
   2.4371715458305747       0.64759282995910483       0.64758962781799456     
   2.4403162833090661       0.64519338405568305       0.64519019377903597     
   2.4434610207875567       0.64278755759896655       0.64278437921836695     
   2.4466057582660481       0.64037537438105141       0.64037220792793381     
   2.4497504957445391       0.63795685825690052       0.63795370376254135     
   2.4528952332230300       0.63553203314410400       0.63552889063980800     
   2.4560399707015215       0.63310092302264342       0.63309779253938081     
   2.4591847081800120       0.63066355193465706       0.63066043350342016     
   2.4623294456585034       0.62821994398419734       0.62821683763582770     
   2.4654741831369944       0.62577012333699777       0.62576702910217818     
   2.4686189206154854       0.62331411422023031       0.62331103212966754     
   2.4717636580939768       0.62085194092226681       0.62084887100633557     
   2.4749083955724673       0.61838362779244027       0.61838057008153335     
   2.4780531330509588       0.61590919924080045       0.61590615376515900     
   2.4811978705294497       0.61342867973787729       0.61342564652758247     
   2.4843426080079407       0.61094209381443454       0.61093907289958804     
   2.4874873454864321       0.60844946606122952       0.60844645747160286     
   2.4906320829649227       0.60595082112877052       0.60594782489414922     
   2.4937768204434141       0.60344618372706949       0.60344319987708683     
   2.4969215579219051       0.60093557862540270       0.60093260718953112     
   2.5000662954003960       0.59841903065206148       0.59841607165978961     
   2.5032110328788875       0.59589656469410868       0.59589361817459785     
   2.5063557703573780       0.59336820569713367       0.59336527167955488     
   2.5095005078358694       0.59083397866500154       0.59083105717837281     
   2.5126452453143604       0.58829390865961129       0.58829099973278898     
   2.5157899827928514       0.58574802080064348       0.58574512446249571     
   2.5189347202713428       0.58319634026531375       0.58319345654438459     
   2.5220794577498333       0.58063889228812515       0.58063602121296365     
   2.5252241952283248       0.57807570216061421       0.57807284375961621     
   2.5283689327068157       0.57550679523110670       0.57550394953250528     
   2.5315136701853067       0.57293219690446207       0.57292936393649796     
   2.5346584076637981       0.57035193264182427       0.57034911243241693     
   2.5378031451422887       0.56776602796037123       0.56776322053744099     
   2.5409478826207801       0.56517450843305839       0.56517171382437137     
   2.5440926200992711       0.56257739968837106       0.56257461792153052     
   2.5472373575777620       0.55997472741006693       0.55997195851267889     
   2.5503820950562535       0.55736651733692344       0.55736376133627619     
   2.5535268325347440       0.55475279526248489       0.55475005218586293     
   2.5566715700132354       0.55213358703480298       0.55213085690933617     
   2.5598163074917264       0.54950891855618689       0.54950620140884143     
   2.5629610449702174       0.54687881578294262       0.54687611164068339     
   2.5661057824487084       0.54424330472511795       0.54424061361459442     
   2.5692505199271993       0.54160241144624566       0.54159973339410072     
   2.5723952574056912       0.53895616206308417       0.53895349709580476     
   2.5755399948841817       0.53630458274536319       0.53630193088927081     
   2.5786847323626727       0.53364769971551873       0.53364506099693121     
   2.5818294698411637       0.53098553924843883       0.53098291369336059     
   2.5849742073196547       0.52831812767120179       0.52831551530562681     
   2.5881189447981465       0.52564549136281546       0.52564289221258087     
   2.5912636822766371       0.52296765675395929       0.52296507084473665     
   2.5944084197551280       0.52028465032671745       0.52028207768417012     
   2.5975531572336190       0.51759649861432200       0.51759393926380304     
   2.6006978947121100       0.51490322820088807       0.51490068216773610     
   2.6038426321906019       0.51220486572115087       0.51220233303054730     
   2.6069873696690919       0.50950143786020596       0.50949891853716500     
   2.6101321071475834       0.50679297135323731       0.50679046542276274     
   2.6132768446260743       0.50407949298526211       0.50407700047204884     
   2.6164215821045653       0.50136102959085971       0.50135855051958478     
   2.6195663195830572       0.49863760805390794       0.49863514244909041     
   2.6227110570615473       0.49590925530732050       0.49590680319331193     
   2.6258557945400387       0.49317599833277265       0.49317355973390992     
   2.6290005320185297       0.49043786416044360       0.49043543910075815     
   2.6321452694970207       0.48769487986874305       0.48769246837224389     
   2.6352900069755125       0.48494707258404479       0.48494467467458297     
   2.6384347444540026       0.48219446948042227       0.48219208518168044     
   2.6415794819324940       0.47943709777937127       0.47943472711501345     
   2.6447242194109850       0.47667498474955039       0.47667262774293845     
   2.6478689568894760       0.47390815770650502       0.47390581438097440     
   2.6510136943679674       0.47113664401239908       0.47113431439112585     
   2.6541584318464579       0.46836047107574608       0.46835815518173962     
   2.6573031693249494       0.46557966635113379       0.46557736420737839     
   2.6604479068034403       0.46279425733895807       0.46279196896814062     
   2.6635926442819313       0.46000427158514684       0.46000199700992317     
   2.6667373817604227       0.45720973668088893       0.45720747592375527     
   2.6698821192389133       0.45441068026236309       0.45440843334564862     
   2.6730268567174047       0.45160713001046021       0.45160489695646455     
   2.6761715941958957       0.44879911365051495       0.44879689448124416     
   2.6793163316743867       0.44598665895202749       0.44598445368945233     
   2.6824610691528781       0.44316979372839038       0.44316760239432157     
   2.6856058066313686       0.44034854583661504       0.44034636845269592     
   2.6887505441098600       0.43752294317705187       0.43752077976489223     
   2.6918952815883510       0.43469301369311997       0.43469086427403947     
   2.6950400190668420       0.43185878537102640       0.43185664996630518     
   2.6981847565453334       0.42902028623949101       0.42901816487024891     
   2.7013294940238239       0.42617754436947075       0.42617543705666011     
   2.7044742315023154       0.42333058787387801       0.42332849463841310     
   2.7076189689808063       0.42047944490730760       0.42047736576981665     
   2.7107637064592973       0.41762414366575462       0.41762207864682177     
   2.7139084439377887       0.41476471238633661       0.41476266150638580     
   2.7170531814162793       0.41190117934701631       0.41189914262630367     
   2.7201979188947703       0.40903357286631786       0.40903155032505634     
   2.7233426563732617       0.40616192130305023       0.40615991296117260     
   2.7264873938517526       0.40328625305602661       0.40328425893341530     
   2.7296321313302441       0.40040659656378103       0.40040461668015898     
   2.7327768688087346       0.39752298030429067       0.39752101467921275     
   2.7359216062872256       0.39463543279468999       0.39463348144766369     
   2.7390663437657170       0.39174398259099213       0.39174204554124842     
   2.7422110812442080       0.38884865828780624       0.38884673555452187     
   2.7453558187226994       0.38594948851805227       0.38594758012024416     
   2.7485005562011899       0.38304650195268142       0.38304460790919825     
   2.7516452936796809       0.38013972730038803       0.38013784763002695     
   2.7547900311581723       0.37722919330732962       0.37722732802861531     
   2.7579347686366633       0.37431492875684186       0.37431307788824031     
   2.7610795061151547       0.37139696246915171       0.37139512602896929     
   2.7642242435936453       0.36847532330109606       0.36847350130747059     
   2.7673689810721362       0.36555004014583165       0.36554823261684527     
   2.7705137185506277       0.36262114193255329       0.36261934888601977     
   2.7736584560291186       0.35968865762620722       0.35968687907987740     
   2.7768031935076101       0.35675261622720217       0.35675085219866715     
   2.7799479309861006       0.35381304677112640       0.35381129727780880     
   2.7830926684645916       0.35086997832845596       0.35086824338771833     
   2.7862374059430830       0.34792344000427072       0.34792171963321156     
   2.7893821434215740       0.34497346093796649       0.34497175515361705     
   2.7925268809000654       0.34202007030296411       0.34201837912219596     
   2.7956716183785559       0.33906329730642470       0.33906162074594082     
   2.7988163558570469       0.33610317118895638       0.33610150926539567     
   2.8019610933355383       0.33313972122432878       0.33313807395406997     
   2.8051058308140293       0.33017297671918294       0.33017134411853372     
   2.8082505682925207       0.32720296701273932       0.32720134909784737     
   2.8113953057710113       0.32422972147651113       0.32422811826335579     
   2.8145400432495022       0.32125326951400945       0.32125168101850171     
   2.8176847807279937       0.31827364056045609       0.31827206679825115     
   2.8208295182064846       0.31529086408249213       0.31528930506916969     
   2.8239742556849761       0.31230496957788401       0.31230342532886418     
   2.8271189931634666       0.30931598657523557       0.30931445710576994     
   2.8302637306419576       0.30632394463369139       0.30632242995895920     
   2.8334084681204490       0.30332887334264835       0.30332737347757721     
   2.8365532055989400       0.30033080232146236       0.30032931728090045     
   2.8396979430774314       0.29732976121915328       0.29732829101778907     
   2.8428426805559219       0.29432577971411511       0.29432432436646883     
   2.8459874180344129       0.29131888751381818       0.29131744703433360     
   2.8491321555129039       0.28830911435451934       0.28830768875739216     
   2.8522768929913953       0.28529649000096546       0.28529507930030978     
   2.8554216304698867       0.28228104424610090       0.28227964845586911     
   2.8585663679483773       0.27926280691077210       0.27926142604474968     
   2.8617111054268682       0.27624180784343050       0.27624044191532204     
   2.8648558429053592       0.27321807691984090       0.27321672594310742     
   2.8680005803838506       0.27019164404278367       0.27019030803080041     
   2.8711453178623421       0.26716253914176058       0.26716121810774140     
   2.8742900553408326       0.26413079217269847       0.26412948612969034     
   2.8774347928193236       0.26109643311765046       0.26109514207861551     
   2.8805795302978146       0.25805949198450318       0.25805821596216433     
   2.8837242677763060       0.25501999880667753       0.25501873781366796     
   2.8868690052547974       0.25197798364283341       0.25197673769162510     
   2.8900137427332879       0.24893347657657197       0.24893224567947014     
   2.8931584802117789       0.24588650771613554       0.24588529188535668     
   2.8963032176902699       0.24283710719411380       0.24283590644163966     
   2.8994479551687613       0.23978530516714311       0.23978411950486156     
   2.9025926926472527       0.23673113181561004       0.23672996125524814     
   2.9057374301257433       0.23367461734335251       0.23367346189647081     
   2.9088821676042342       0.23061579197735851       0.23061465165542469     
   2.9120269050827252       0.22755468596747097       0.22755356078172267     
   2.9151716425612166       0.22449132958608614       0.22449021954766304     
   2.9183163800397081       0.22142575312785581       0.22142465824773716     
   2.9214611175181986       0.21835798690938746       0.21835690719838613     
   2.9246058549966896       0.21528806126894162       0.21528699673777377     
   2.9277505924751805       0.21221600656613596       0.21221495722529232     
   2.9308953299536720       0.20914185318164230       0.20914081904151163     
   2.9340400674321634       0.20606563151688800       0.20606461258769893     
   2.9371848049106539       0.20298737199375483       0.20298636828557004     
   2.9403295423891449       0.19990710505427547       0.19990611657705684     
   2.9434742798676359       0.19682486116033648       0.19682388792382527     
   2.9466190173461273       0.19374067079337434       0.19373971280720576     
   2.9497637548246187       0.19065456445407575       0.19065362172772535     
   2.9529084923031093       0.18756657266207566       0.18756564520485342     
   2.9560532297816002       0.18447672595565273       0.18447581377676381     
   2.9591979672600912       0.18138505489143134       0.18138415799986526     
   2.9623427047385822       0.17829159004407708       0.17829070844871239     
   2.9654874422170741       0.17519636200599417       0.17519549571555221     
   2.9686321796955646       0.17209940138702662       0.17209855041006145     
   2.9717769171740556       0.16900073881414865       0.16899990315910673     
   2.9749216546525465       0.16590040493116801       0.16589958460628471     
   2.9780663921310375       0.16279843039842004       0.16279762541181583     
   2.9812111296095294       0.15969484589246435       0.15969405625210295     
   2.9843558670880199       0.15658968210578517       0.15658890781946350     
   2.9875006045665109       0.15348296974648079       0.15348221082188424     
   2.9906453420450019       0.15037473953796623       0.15037399598257403     
   2.9937900795234929       0.14726502221866658       0.14726429403983904     
   2.9969348170019847       0.14415384854171256       0.14415313574665392     
   3.0000795544804753       0.14104124927464057       0.14104055187038864     
   3.0032242919589662       0.13792725519908108       0.13792657319255827     
   3.0063690294374572       0.13481189711046063       0.13481123050838817     
   3.0095137669159482       0.13169520581769453       0.13169455462667082     
   3.0126585043944401       0.12857721214288173       0.12857657636934960     
   3.0158032418729306       0.12545794692100398       0.12545732657124051     
   3.0189479793514216       0.12233744099961393       0.12233683607977680     
   3.0220927168299125       0.11921572523853607       0.11921513575458685     
   3.0252374543084035       0.11609283050955907       0.11609225646733265     
   3.0283821917868954       0.11296878769612993       0.11296822910130618     
   3.0315269292653859       0.10984362769305257       0.10984308455114616     
   3.0346716667438769       0.10671738140617525       0.10671685372257771     
   3.0378164042223679       0.10359007975209107       0.10358956753200278     
   3.0409611417008588       0.10046175365782961       0.10046125690632049     
   3.0441058791793507        9.7332434060550629E-002   9.7331952782536216E-002
   3.0472506166578412        9.4202151907242099E-002   9.4201686107473329E-002
   3.0503953541363322        9.1070938154407088E-002   9.1070487837507944E-002
   3.0535400916148232        8.7938823767763796E-002   8.7938388938172241E-002
   3.0566848290933142        8.4805839721936671E-002   8.4805420383956373E-002
   3.0598295665718060        8.1672017000149658E-002   8.1671613157930589E-002
   3.0629743040502966        7.8537386593923786E-002   7.8536998251451967E-002
   3.0661190415287876        7.5401979502763561E-002   7.5401606663894338E-002
   3.0692637790072785        7.2265826733856661E-002   7.2265469402264415E-002
   3.0724085164857695        6.9128959301764548E-002   6.9128617480985685E-002
   3.0755532539642614        6.5991408228115417E-002   6.5991081921533287E-002
   3.0786979914427519        6.2853204541301319E-002   6.2852893752136083E-002
   3.0818427289212429        5.9714379276164256E-002   5.9714084007501597E-002
   3.0849874663997339        5.6574963473695443E-002   5.6574683728445346E-002
   3.0881322038782248        5.3434988180725722E-002   5.3434723961656376E-002
   3.0912769413567167        5.0294484449618024E-002   5.0294235759345378E-002
   3.0944216788352072        4.7153483337964319E-002   4.7153250178941841E-002
   3.0975664163136982        4.4012015908271369E-002   4.4011798282814346E-002
   3.1007111537921892        4.0870113227659724E-002   4.0869911137912968E-002
   3.1038558912706802        3.7727806367553858E-002   3.7727619815516721E-002
   3.1070006287491720        3.4585126403374439E-002   3.4584955390894782E-002
   3.1101453662276626        3.1442104414234992E-002   3.1441948942998996E-002
   3.1132901037061536        2.8298771482627480E-002   2.8298631554179467E-002
   3.1164348411846445        2.5155158694121080E-002   2.5155034309840174E-002
   3.1195795786631355        2.2011297137052153E-002   2.2011188298168349E-002
   3.1227243161416274        1.8867217902216332E-002   1.8867124609808956E-002
   3.1258690536201179        1.5722952082565043E-002   1.5722874337552560E-002
   3.1290137910986089        1.2578530772890935E-002   1.2578468576046340E-002
   3.1321585285770999        9.4339850695265622E-003   9.4339384214629351E-003
   3.1353032660555908        6.2893460700342201E-003   6.2893149712118989E-003
   3.1384480035340827        3.1446448728979495E-003   3.1446293236274655E-003
   3.1415927410125732       -8.7422780003724745E-008   1.5723224364487961E-003
